100 1
pos0571.png 0 0 79 131 40 66
pos1231.png 0 0 50 96 25 48
pos1722.png 0 0 60 76 30 38
pos0971.png 0 0 53 102 27 51
pos1025.png 0 0 111 186 56 93
pos1130.png 0 0 66 119 33 60
pos0657.png 0 0 74 152 37 76
pos1576.png 0 0 46 89 23 45
pos1390.png 0 0 66 89 33 45
pos1784.png 0 0 58 116 29 58
pos1935.png 0 0 45 124 23 62
pos1002.png 0 0 80 166 40 83
pos1295.png 0 0 80 144 40 72
pos1353.png 0 0 92 164 46 82
pos1578.png 0 0 47 99 24 50
pos2047.png 0 0 64 212 32 106
pos0504.png 0 0 86 118 43 59
pos0083.png 0 0 62 178 31 89
pos2053.png 0 0 52 194 26 97
pos0539.png 0 0 43 118 22 59
pos0666.png 0 0 74 164 37 82
pos0498.png 0 0 82 141 41 71
pos1817.png 0 0 94 128 47 64
pos1397.png 0 0 76 105 38 53
pos0275.png 0 0 74 198 37 99
pos0763.png 0 0 63 151 32 76
pos1114.png 0 0 59 80 30 40
pos1798.png 0 0 59 135 30 68
pos1264.png 0 0 40 101 20 51
pos1874.png 0 0 60 188 30 94
pos1187.png 0 0 60 178 30 89
pos1804.png 0 0 100 126 50 63
pos0252.png 0 0 62 178 31 89
pos0837.png 0 0 72 85 36 43
pos1618.png 0 0 49 99 25 50
pos1933.png 0 0 37 131 19 66
pos1282.png 0 0 86 150 43 75
pos1727.png 0 0 86 154 43 77
pos0628.png 0 0 53 144 27 72
pos0372.png 0 0 44 102 22 51
pos0595.png 0 0 86 138 43 69
pos1470.png 0 0 80 170 40 85
pos1307.png 0 0 72 203 36 102
pos1891.png 0 0 86 172 43 86
pos1052.png 0 0 53 138 27 69
pos1661.png 0 0 66 138 33 69
pos1119.png 0 0 80 172 40 86
pos1942.png 0 0 56 178 28 89
pos1858.png 0 0 49 93 25 47
pos1056.png 0 0 49 96 25 48
pos0587.png 0 0 63 128 32 64
pos1713.png 0 0 60 150 30 75
pos0061.png 0 0 82 141 41 71
pos0309.png 0 0 68 140 34 70
pos0125.png 0 0 50 96 25 48
pos0497.png 0 0 69 79 35 40
pos0869.png 0 0 76 150 38 75
pos1178.png 0 0 49 96 25 48
pos1863.png 0 0 59 144 30 72
pos0379.png 0 0 43 99 22 50
pos0250.png 0 0 94 164 47 82
pos1737.png 0 0 44 99 22 50
pos0638.png 0 0 94 160 47 80
pos1280.png 0 0 59 108 30 54
pos0446.png 0 0 49 137 25 69
pos1048.png 0 0 44 122 22 61
pos0496.png 0 0 56 92 28 46
pos0639.png 0 0 53 144 27 72
pos0711.png 0 0 72 154 36 77
pos0714.png 0 0 53 180 27 90
pos0161.png 0 0 60 158 30 79
pos1451.png 0 0 66 146 33 73
pos1325.png 0 0 86 170 43 85
pos0347.png 0 0 53 119 27 60
pos0204.png 0 0 79 125 40 63
pos1847.png 0 0 64 146 32 73
pos1706.png 0 0 56 82 28 41
pos1018.png 0 0 80 190 40 95
pos0413.png 0 0 114 112 57 56
pos1644.png 0 0 68 192 34 96
pos1172.png 0 0 76 183 38 92
pos0755.png 0 0 50 89 25 45
pos1304.png 0 0 80 144 40 72
pos0076.png 0 0 95 200 48 100
pos0564.png 0 0 66 184 33 92
pos0048.png 0 0 99 138 50 69
pos1692.png 0 0 66 122 33 61
pos0856.png 0 0 76 148 38 74
pos1541.png 0 0 68 140 34 70
pos0378.png 0 0 80 152 40 76
pos1760.png 0 0 74 196 37 98
pos1585.png 0 0 44 98 22 49
pos0103.png 0 0 73 124 37 62
pos1709.png 0 0 80 132 40 66
pos1838.png 0 0 72 190 36 95
pos0140.png 0 0 54 146 27 73
pos1736.png 0 0 86 158 43 79
pos2017.png 0 0 49 106 25 53
pos1857.png 0 0 48 113 24 57
pos1845.png 0 0 48 88 24 44
