100 1
pos0571.png 0 0 79 131 40 66
pos1231.png 0 0 50 96 25 48
pos0971.png 0 0 53 102 27 51
pos1025.png 0 0 111 186 56 93
pos1130.png 0 0 66 119 33 60
pos1390.png 0 0 66 89 33 45
pos1935.png 0 0 45 124 23 62
pos1295.png 0 0 80 144 40 72
pos0504.png 0 0 86 118 43 59
pos2053.png 0 0 52 194 26 97
pos1817.png 0 0 94 128 47 64
pos0763.png 0 0 63 151 32 76
pos1114.png 0 0 59 80 30 40
pos1804.png 0 0 100 126 50 63
pos1933.png 0 0 37 131 19 66
pos1282.png 0 0 86 150 43 75
pos1727.png 0 0 86 154 43 77
pos0372.png 0 0 44 102 22 51
pos0595.png 0 0 86 138 43 69
pos1052.png 0 0 53 138 27 69
pos1661.png 0 0 66 138 33 69
pos1858.png 0 0 49 93 25 47
pos1713.png 0 0 60 150 30 75
pos0061.png 0 0 82 141 41 71
pos0309.png 0 0 68 140 34 70
pos0125.png 0 0 50 96 25 48
pos0869.png 0 0 76 150 38 75
pos1178.png 0 0 49 96 25 48
pos1737.png 0 0 44 99 22 50
pos1048.png 0 0 44 122 22 61
pos0711.png 0 0 72 154 36 77
pos0714.png 0 0 53 180 27 90
pos1451.png 0 0 66 146 33 73
pos1325.png 0 0 86 170 43 85
pos0347.png 0 0 53 119 27 60
pos0204.png 0 0 79 125 40 63
pos0413.png 0 0 114 112 57 56
pos0076.png 0 0 95 200 48 100
pos0048.png 0 0 99 138 50 69
pos0856.png 0 0 76 148 38 74
pos1585.png 0 0 44 98 22 49
pos0103.png 0 0 73 124 37 62
pos0140.png 0 0 54 146 27 73
pos1857.png 0 0 48 113 24 57
pos1845.png 0 0 48 88 24 44
pos0515.png 0 0 43 95 22 48
pos0855.png 0 0 60 82 30 41
pos1893.png 0 0 65 93 33 47
pos1154.png 0 0 54 146 27 73
pos0973.png 0 0 109 183 55 92
pos1778.png 0 0 86 120 43 60
pos0622.png 0 0 79 144 40 72
pos1571.png 0 0 102 176 51 88
pos0555.png 0 0 49 131 25 66
pos0411.png 0 0 60 196 30 98
pos1802.png 0 0 59 98 30 49
pos0283.png 0 0 86 138 43 69
pos0049.png 0 0 62 146 31 73
pos1765.png 0 0 80 106 40 53
pos0570.png 0 0 92 118 46 59
pos1415.png 0 0 89 196 45 98
pos1403.png 0 0 60 105 30 53
pos0506.png 0 0 69 118 35 59
pos1011.png 0 0 74 172 37 86
pos0101.png 0 0 54 144 27 72
pos0009.png 0 0 86 140 43 70
pos1428.png 0 0 82 199 41 100
pos0087.png 0 0 57 137 29 69
pos1529.png 0 0 49 82 25 41
pos1776.png 0 0 40 101 20 51
pos0425.png 0 0 46 115 23 58
pos0635.png 0 0 73 147 37 74
pos1868.png 0 0 76 128 38 64
pos0596.png 0 0 86 127 43 64
pos1350.png 0 0 63 203 32 102
pos1441.png 0 0 73 189 37 95
pos0346.png 0 0 46 198 23 99
pos1193.png 0 0 54 126 27 63
pos1181.png 0 0 109 189 55 95
pos1374.png 0 0 53 108 27 54
pos1531.png 0 0 60 140 30 70
pos0011.png 0 0 83 189 42 95
pos1779.png 0 0 59 134 30 67
pos0086.png 0 0 47 92 24 46
pos1438.png 0 0 66 140 33 70
pos1402.png 0 0 75 196 38 98
pos1945.png 0 0 65 81 33 41
pos0608.png 0 0 88 150 44 75
pos1806.png 0 0 50 81 25 41
pos1338.png 0 0 92 170 46 85
pos0036.png 0 0 54 146 27 73
pos1467.png 0 0 72 196 36 98
pos0895.png 0 0 79 161 40 81
pos1830.png 0 0 102 120 51 60
pos0584.png 0 0 102 138 51 69
pos0636.png 0 0 72 154 36 77
pos1388.png 0 0 42 146 21 73
pos2025.png 0 0 92 144 46 72
pos0985.png 0 0 74 176 37 88
pos1829.png 0 0 73 129 37 65
