100 1
pos1722.png 0 0 60 76 30 38
pos1576.png 0 0 46 89 23 45
pos1784.png 0 0 58 116 29 58
pos1578.png 0 0 47 99 24 50
pos2047.png 0 0 64 212 32 106
pos0083.png 0 0 62 178 31 89
pos0539.png 0 0 43 118 22 59
pos0666.png 0 0 74 164 37 82
pos0498.png 0 0 82 141 41 71
pos1397.png 0 0 76 105 38 53
pos0275.png 0 0 74 198 37 99
pos1798.png 0 0 59 135 30 68
pos1264.png 0 0 40 101 20 51
pos1874.png 0 0 60 188 30 94
pos1187.png 0 0 60 178 30 89
pos0252.png 0 0 62 178 31 89
pos0837.png 0 0 72 85 36 43
pos1618.png 0 0 49 99 25 50
pos0628.png 0 0 53 144 27 72
pos1891.png 0 0 86 172 43 86
pos1942.png 0 0 56 178 28 89
pos1056.png 0 0 49 96 25 48
pos0587.png 0 0 63 128 32 64
pos0497.png 0 0 69 79 35 40
pos1863.png 0 0 59 144 30 72
pos0379.png 0 0 43 99 22 50
pos0250.png 0 0 94 164 47 82
pos1280.png 0 0 59 108 30 54
pos0446.png 0 0 49 137 25 69
pos0496.png 0 0 56 92 28 46
pos0639.png 0 0 53 144 27 72
pos0161.png 0 0 60 158 30 79
pos1706.png 0 0 56 82 28 41
pos1018.png 0 0 80 190 40 95
pos1644.png 0 0 68 192 34 96
pos1172.png 0 0 76 183 38 92
pos1304.png 0 0 80 144 40 72
pos0564.png 0 0 66 184 33 92
pos1692.png 0 0 66 122 33 61
pos1760.png 0 0 74 196 37 98
pos1709.png 0 0 80 132 40 66
pos1838.png 0 0 72 190 36 95
pos2017.png 0 0 49 106 25 53
pos1943.png 0 0 52 166 26 83
pos1419.png 0 0 82 193 41 97
pos2019.png 0 0 67 176 34 88
pos1227.png 0 0 100 158 50 79
pos0107.png 0 0 44 118 22 59
pos0643.png 0 0 79 147 40 74
pos1969.png 0 0 70 168 35 84
pos0979.png 0 0 49 101 25 51
pos0655.png 0 0 49 98 25 49
pos1059.png 0 0 80 180 40 90
pos0015.png 0 0 46 121 23 61
pos1538.png 0 0 92 138 46 69
pos0265.png 0 0 72 172 36 86
pos1058.png 0 0 50 88 25 44
pos1368.png 0 0 60 98 30 49
pos0407.png 0 0 79 134 40 67
pos0964.png 0 0 95 235 48 118
pos0760.png 0 0 83 219 42 110
pos1486.png 0 0 86 158 43 79
pos1577.png 0 0 57 102 29 51
pos0900.png 0 0 74 178 37 89
pos1266.png 0 0 66 164 33 82
pos1993.png 0 0 78 176 39 88
pos0368.png 0 0 89 125 45 63
pos0262.png 0 0 74 190 37 95
pos0080.png 0 0 68 224 34 112
pos1785.png 0 0 58 132 29 66
pos1904.png 0 0 64 178 32 89
pos0590.png 0 0 60 184 30 92
pos0419.png 0 0 59 69 30 35
pos1498.png 0 0 48 190 24 95
pos0225.png 0 0 63 177 32 89
pos0822.png 0 0 60 152 30 76
pos0730.png 0 0 63 127 32 64
pos1043.png 0 0 56 99 28 50
pos0652.png 0 0 47 135 24 68
pos0796.png 0 0 62 164 31 82
pos0057.png 0 0 80 164 40 82
pos0902.png 0 0 70 79 35 40
pos0210.png 0 0 72 204 36 102
pos0746.png 0 0 74 190 37 95
pos1408.png 0 0 74 164 37 82
pos0977.png 0 0 92 225 46 113
pos1995.png 0 0 70 188 35 94
pos1641.png 0 0 112 140 56 70
pos1200.png 0 0 60 170 30 85
pos1395.png 0 0 54 158 27 79
pos0184.png 0 0 68 210 34 105
pos0706.png 0 0 60 115 30 58
pos0068.png 0 0 56 128 28 64
pos0315.png 0 0 53 76 27 38
pos0535.png 0 0 53 99 27 50
pos2021.png 0 0 68 190 34 95
pos1774.png 0 0 82 150 41 75
pos0042.png 0 0 43 128 22 64
pos1527.png 0 0 43 101 22 51
pos0330.png 0 0 80 164 40 82
