100 1
pos0657.png 0 0 74 152 37 76
pos1307.png 0 0 72 203 36 102
pos1541.png 0 0 68 140 34 70
pos1736.png 0 0 86 158 43 79
pos1983.png 0 0 55 90 28 45
pos1255.png 0 0 60 158 30 79
pos0878.png 0 0 94 166 47 83
pos1294.png 0 0 86 144 43 72
pos1424.png 0 0 94 158 47 79
pos1619.png 0 0 68 138 34 69
pos0748.png 0 0 94 158 47 79
pos0709.png 0 0 100 152 50 76
pos1281.png 0 0 86 144 43 72
pos1697.png 0 0 94 146 47 73
pos1645.png 0 0 74 138 37 69
pos0891.png 0 0 88 152 44 76
pos1346.png 0 0 56 109 28 55
pos2009.png 0 0 54 87 27 44
pos1398.png 0 0 54 152 27 76
pos0930.png 0 0 74 158 37 79
pos1164.png 0 0 60 132 30 66
pos0306.png 0 0 92 152 46 76
pos0735.png 0 0 94 164 47 82
pos1411.png 0 0 80 152 40 76
pos1099.png 0 0 80 152 40 76
pos1749.png 0 0 88 158 44 79
pos1359.png 0 0 60 150 30 75
pos0228.png 0 0 66 146 33 73
pos0644.png 0 0 86 146 43 73
pos0696.png 0 0 54 76 27 38
pos2048.png 0 0 92 170 46 85
pos0592.png 0 0 92 158 46 79
pos0059.png 0 0 72 158 36 79
pos0579.png 0 0 92 152 46 76
pos1502.png 0 0 74 146 37 73
pos0540.png 0 0 74 158 37 79
pos1515.png 0 0 94 140 47 70
pos1658.png 0 0 74 158 37 79
pos1606.png 0 0 74 144 37 72
pos1762.png 0 0 86 152 43 76
pos0267.png 0 0 86 146 43 73
pos1151.png 0 0 60 140 30 70
pos0085.png 0 0 74 144 37 72
pos0943.png 0 0 86 158 43 79
pos1463.png 0 0 86 152 43 76
pos1528.png 0 0 74 152 37 76
pos0787.png 0 0 94 158 47 79
pos1957.png 0 0 47 91 24 46
pos0098.png 0 0 86 152 43 76
pos1905.png 0 0 50 83 25 42
pos1060.png 0 0 88 144 44 72
pos1918.png 0 0 92 168 46 84
pos0332.png 0 0 74 158 37 79
pos0423.png 0 0 92 140 46 70
pos1632.png 0 0 68 146 34 73
pos0020.png 0 0 72 160 36 80
pos0527.png 0 0 86 164 43 82
pos1710.png 0 0 92 146 46 73
pos1554.png 0 0 74 144 37 72
pos0605.png 0 0 94 158 47 79
pos0436.png 0 0 86 140 43 70
pos1580.png 0 0 86 140 43 70
pos1840.png 0 0 88 164 44 82
pos1814.png 0 0 100 158 50 79
pos1320.png 0 0 74 210 37 105
pos1372.png 0 0 80 152 40 76
pos1333.png 0 0 50 111 25 56
pos1437.png 0 0 74 152 37 76
pos1229.png 0 0 80 152 40 76
pos1450.png 0 0 74 146 37 73
pos0111.png 0 0 100 152 50 76
pos0371.png 0 0 66 164 33 82
pos0800.png 0 0 94 158 47 79
pos1177.png 0 0 60 132 30 66
pos1853.png 0 0 78 166 39 83
pos0449.png 0 0 92 146 46 73
pos1970.png 0 0 50 91 25 46
pos0215.png 0 0 66 152 33 76
pos1775.png 0 0 86 158 43 79
pos1073.png 0 0 80 126 40 63
pos1827.png 0 0 92 166 46 83
pos0917.png 0 0 68 144 34 72
pos1866.png 0 0 80 168 40 84
pos1879.png 0 0 82 168 41 84
pos1112.png 0 0 80 144 40 72
pos0007.png 0 0 80 160 40 80
pos0293.png 0 0 100 140 50 70
pos1242.png 0 0 80 152 40 76
pos1385.png 0 0 80 152 40 76
pos0397.png 0 0 80 146 40 73
pos0514.png 0 0 74 158 37 79
pos0345.png 0 0 74 138 37 69
pos0852.png 0 0 80 152 40 76
pos0072.png 0 0 80 152 40 76
pos0774.png 0 0 100 152 50 76
pos1008.png 0 0 74 152 37 76
pos1788.png 0 0 78 158 39 79
pos0995.png 0 0 100 158 50 79
pos1996.png 0 0 60 86 30 43
pos1593.png 0 0 80 152 40 76
