100 1
pos1002.png 0 0 80 166 40 83
pos1353.png 0 0 92 164 46 82
pos1470.png 0 0 80 170 40 85
pos1119.png 0 0 80 172 40 86
pos0638.png 0 0 94 160 47 80
pos1847.png 0 0 64 146 32 73
pos0755.png 0 0 50 89 25 45
pos0378.png 0 0 80 152 40 76
pos0339.png 0 0 72 158 36 79
pos0066.png 0 0 66 146 33 73
pos0027.png 0 0 72 152 36 76
pos1691.png 0 0 66 152 33 76
pos0118.png 0 0 72 158 36 79
pos1483.png 0 0 86 164 43 82
pos1262.png 0 0 86 172 43 86
pos0430.png 0 0 88 166 44 83
pos1275.png 0 0 80 164 40 82
pos0105.png 0 0 66 158 33 79
pos1535.png 0 0 92 170 46 85
pos1652.png 0 0 60 158 30 79
pos0183.png 0 0 72 164 36 82
pos1288.png 0 0 46 89 23 45
pos1834.png 0 0 64 152 32 76
pos1496.png 0 0 80 164 40 82
pos0014.png 0 0 72 146 36 73
pos0261.png 0 0 74 158 37 79
pos1132.png 0 0 80 172 40 86
pos0404.png 0 0 50 80 25 40
pos1431.png 0 0 92 170 46 85
pos0599.png 0 0 86 160 43 80
pos1236.png 0 0 92 172 46 86
pos0196.png 0 0 72 158 36 79
pos0235.png 0 0 72 158 36 79
pos0131.png 0 0 72 152 36 76
pos2003.png 0 0 82 146 41 73
pos0911.png 0 0 86 178 43 89
pos1327.png 0 0 50 101 25 51
pos1782.png 0 0 64 144 32 72
pos2042.png 0 0 70 154 35 77
pos1210.png 0 0 53 82 27 41
pos1249.png 0 0 86 172 43 86
pos0417.png 0 0 88 160 44 80
pos1977.png 0 0 78 138 39 69
pos1366.png 0 0 86 164 43 82
pos1743.png 0 0 60 140 30 70
pos0768.png 0 0 47 89 24 45
pos0573.png 0 0 66 164 33 82
pos0924.png 0 0 86 172 43 86
pos1860.png 0 0 64 148 32 74
pos0976.png 0 0 98 160 49 80
pos0664.png 0 0 50 82 25 41
pos0092.png 0 0 72 158 36 79
pos0274.png 0 0 60 158 30 79
pos0833.png 0 0 59 89 30 45
pos0963.png 0 0 50 83 25 42
pos0209.png 0 0 80 158 40 79
pos1392.png 0 0 92 170 46 85
pos1990.png 0 0 78 144 39 72
pos0157.png 0 0 72 158 36 79
pos0859.png 0 0 92 172 46 86
pos0560.png 0 0 74 172 37 86
pos0820.png 0 0 86 172 43 86
pos1899.png 0 0 58 142 29 71
pos0040.png 0 0 66 158 33 79
pos0508.png 0 0 74 158 37 79
pos0222.png 0 0 72 152 36 76
pos1756.png 0 0 60 146 30 73
pos1769.png 0 0 60 152 30 76
pos1340.png 0 0 56 196 28 98
pos1223.png 0 0 92 164 46 82
pos1964.png 0 0 78 144 39 72
pos1912.png 0 0 66 148 33 74
pos0326.png 0 0 74 160 37 80
pos1067.png 0 0 86 164 43 82
pos2016.png 0 0 76 140 38 70
pos0846.png 0 0 53 85 27 43
pos1197.png 0 0 49 86 25 43
pos1704.png 0 0 54 138 27 69
pos1106.png 0 0 94 166 47 83
pos1587.png 0 0 92 170 46 85
pos0677.png 0 0 47 86 24 43
pos1522.png 0 0 86 170 43 85
pos0300.png 0 0 94 152 47 76
pos0781.png 0 0 80 178 40 89
pos2029.png 0 0 72 144 36 72
pos1301.png 0 0 54 172 27 86
pos1041.png 0 0 80 164 40 82
pos0053.png 0 0 66 152 33 76
pos1379.png 0 0 46 89 23 45
pos1925.png 0 0 66 144 33 72
pos1418.png 0 0 92 170 46 85
pos0443.png 0 0 80 166 40 83
pos0872.png 0 0 57 89 29 45
pos1184.png 0 0 53 86 27 43
pos0742.png 0 0 74 184 37 92
pos1626.png 0 0 66 158 33 79
pos1314.png 0 0 56 105 28 53
pos0885.png 0 0 56 89 28 45
pos0456.png 0 0 80 172 40 86
pos1938.png 0 0 70 144 35 72
