100 1
pos0657.png 0 0 74 152 37 76
pos1002.png 0 0 80 166 40 83
pos1353.png 0 0 92 164 46 82
pos1470.png 0 0 80 170 40 85
pos1307.png 0 0 72 203 36 102
pos1119.png 0 0 80 172 40 86
pos0638.png 0 0 94 160 47 80
pos1847.png 0 0 64 146 32 73
pos0755.png 0 0 50 89 25 45
pos1541.png 0 0 68 140 34 70
pos0378.png 0 0 80 152 40 76
pos1736.png 0 0 86 158 43 79
pos1983.png 0 0 55 90 28 45
pos1255.png 0 0 60 158 30 79
pos0878.png 0 0 94 166 47 83
pos0339.png 0 0 72 158 36 79
pos1294.png 0 0 86 144 43 72
pos0066.png 0 0 66 146 33 73
pos1424.png 0 0 94 158 47 79
pos0027.png 0 0 72 152 36 76
pos1619.png 0 0 68 138 34 69
pos1691.png 0 0 66 152 33 76
pos0748.png 0 0 94 158 47 79
pos0118.png 0 0 72 158 36 79
pos0709.png 0 0 100 152 50 76
pos1483.png 0 0 86 164 43 82
pos1262.png 0 0 86 172 43 86
pos0430.png 0 0 88 166 44 83
pos1275.png 0 0 80 164 40 82
pos1281.png 0 0 86 144 43 72
pos1697.png 0 0 94 146 47 73
pos1645.png 0 0 74 138 37 69
pos0891.png 0 0 88 152 44 76
pos1346.png 0 0 56 109 28 55
pos0105.png 0 0 66 158 33 79
pos2009.png 0 0 54 87 27 44
pos1535.png 0 0 92 170 46 85
pos1398.png 0 0 54 152 27 76
pos1652.png 0 0 60 158 30 79
pos0930.png 0 0 74 158 37 79
pos1164.png 0 0 60 132 30 66
pos0183.png 0 0 72 164 36 82
pos0306.png 0 0 92 152 46 76
pos1288.png 0 0 46 89 23 45
pos0735.png 0 0 94 164 47 82
pos1411.png 0 0 80 152 40 76
pos1834.png 0 0 64 152 32 76
pos1099.png 0 0 80 152 40 76
pos1749.png 0 0 88 158 44 79
pos1359.png 0 0 60 150 30 75
pos0228.png 0 0 66 146 33 73
pos1496.png 0 0 80 164 40 82
pos0644.png 0 0 86 146 43 73
pos0014.png 0 0 72 146 36 73
pos0261.png 0 0 74 158 37 79
pos1132.png 0 0 80 172 40 86
pos0404.png 0 0 50 80 25 40
pos1431.png 0 0 92 170 46 85
pos0696.png 0 0 54 76 27 38
pos0599.png 0 0 86 160 43 80
pos2048.png 0 0 92 170 46 85
pos0592.png 0 0 92 158 46 79
pos0059.png 0 0 72 158 36 79
pos0579.png 0 0 92 152 46 76
pos1502.png 0 0 74 146 37 73
pos0540.png 0 0 74 158 37 79
pos1515.png 0 0 94 140 47 70
pos1658.png 0 0 74 158 37 79
pos1236.png 0 0 92 172 46 86
pos1606.png 0 0 74 144 37 72
pos0196.png 0 0 72 158 36 79
pos1762.png 0 0 86 152 43 76
pos0235.png 0 0 72 158 36 79
pos0267.png 0 0 86 146 43 73
pos1151.png 0 0 60 140 30 70
pos0085.png 0 0 74 144 37 72
pos0131.png 0 0 72 152 36 76
pos0943.png 0 0 86 158 43 79
pos2003.png 0 0 82 146 41 73
pos1463.png 0 0 86 152 43 76
pos0911.png 0 0 86 178 43 89
pos1327.png 0 0 50 101 25 51
pos1528.png 0 0 74 152 37 76
pos1782.png 0 0 64 144 32 72
pos0787.png 0 0 94 158 47 79
pos2042.png 0 0 70 154 35 77
pos1957.png 0 0 47 91 24 46
pos1210.png 0 0 53 82 27 41
pos1249.png 0 0 86 172 43 86
pos0417.png 0 0 88 160 44 80
pos0098.png 0 0 86 152 43 76
pos1977.png 0 0 78 138 39 69
pos1905.png 0 0 50 83 25 42
pos1366.png 0 0 86 164 43 82
pos1743.png 0 0 60 140 30 70
pos0768.png 0 0 47 89 24 45
pos1060.png 0 0 88 144 44 72
pos0573.png 0 0 66 164 33 82
pos1918.png 0 0 92 168 46 84
pos0332.png 0 0 74 158 37 79
