2054 1
neg0001.png 0 0 59 118
neg0002.png 0 0 59 118
neg0003.png 0 0 59 118
neg0004.png 0 0 59 118
neg0005.png 0 0 59 118
neg0006.png 0 0 59 118
neg0007.png 0 0 59 118
neg0008.png 0 0 59 118
neg0009.png 0 0 59 118
neg0010.png 0 0 59 118
neg0011.png 0 0 59 118
neg0012.png 0 0 59 118
neg0013.png 0 0 59 118
neg0014.png 0 0 59 118
neg0015.png 0 0 59 118
neg0016.png 0 0 59 118
neg0017.png 0 0 59 118
neg0018.png 0 0 59 118
neg0019.png 0 0 59 118
neg0020.png 0 0 59 118
neg0021.png 0 0 59 118
neg0022.png 0 0 59 118
neg0023.png 0 0 59 118
neg0024.png 0 0 59 118
neg0025.png 0 0 59 118
neg0026.png 0 0 59 118
neg0027.png 0 0 59 118
neg0028.png 0 0 59 118
neg0029.png 0 0 59 118
neg0030.png 0 0 59 118
neg0031.png 0 0 59 118
neg0032.png 0 0 59 118
neg0033.png 0 0 59 118
neg0034.png 0 0 59 118
neg0035.png 0 0 59 118
neg0036.png 0 0 59 118
neg0037.png 0 0 59 118
neg0038.png 0 0 59 118
neg0039.png 0 0 59 118
neg0040.png 0 0 59 118
neg0041.png 0 0 59 118
neg0042.png 0 0 59 118
neg0043.png 0 0 59 118
neg0044.png 0 0 59 118
neg0045.png 0 0 59 118
neg0046.png 0 0 59 118
neg0047.png 0 0 59 118
neg0048.png 0 0 59 118
neg0049.png 0 0 59 118
neg0050.png 0 0 59 118
neg0051.png 0 0 59 118
neg0052.png 0 0 59 118
neg0053.png 0 0 59 118
neg0054.png 0 0 59 118
neg0055.png 0 0 59 118
neg0056.png 0 0 59 118
neg0057.png 0 0 59 118
neg0058.png 0 0 59 118
neg0059.png 0 0 59 118
neg0060.png 0 0 59 118
neg0061.png 0 0 59 118
neg0062.png 0 0 59 118
neg0063.png 0 0 59 118
neg0064.png 0 0 59 118
neg0065.png 0 0 59 118
neg0066.png 0 0 59 118
neg0067.png 0 0 59 118
neg0068.png 0 0 59 118
neg0069.png 0 0 59 118
neg0070.png 0 0 59 118
neg0071.png 0 0 59 118
neg0072.png 0 0 59 118
neg0073.png 0 0 59 118
neg0074.png 0 0 59 118
neg0075.png 0 0 59 118
neg0076.png 0 0 59 118
neg0077.png 0 0 59 118
neg0078.png 0 0 59 118
neg0079.png 0 0 59 118
neg0080.png 0 0 59 118
neg0081.png 0 0 59 118
neg0082.png 0 0 59 118
neg0083.png 0 0 59 118
neg0084.png 0 0 59 118
neg0085.png 0 0 59 118
neg0086.png 0 0 59 118
neg0087.png 0 0 59 118
neg0088.png 0 0 59 118
neg0089.png 0 0 59 118
neg0090.png 0 0 59 118
neg0091.png 0 0 59 118
neg0092.png 0 0 59 118
neg0093.png 0 0 59 118
neg0094.png 0 0 59 118
neg0095.png 0 0 59 118
neg0096.png 0 0 59 118
neg0097.png 0 0 59 118
neg0098.png 0 0 59 118
neg0099.png 0 0 59 118
neg0100.png 0 0 59 118
neg0101.png 0 0 59 118
neg0102.png 0 0 59 118
neg0103.png 0 0 59 118
neg0104.png 0 0 59 118
neg0105.png 0 0 59 118
neg0106.png 0 0 59 118
neg0107.png 0 0 59 118
neg0108.png 0 0 59 118
neg0109.png 0 0 59 118
neg0110.png 0 0 59 118
neg0111.png 0 0 59 118
neg0112.png 0 0 59 118
neg0113.png 0 0 59 118
neg0114.png 0 0 59 118
neg0115.png 0 0 59 118
neg0116.png 0 0 59 118
neg0117.png 0 0 59 118
neg0118.png 0 0 59 118
neg0119.png 0 0 59 118
neg0120.png 0 0 59 118
neg0121.png 0 0 59 118
neg0122.png 0 0 59 118
neg0123.png 0 0 59 118
neg0124.png 0 0 59 118
neg0125.png 0 0 59 118
neg0126.png 0 0 59 118
neg0127.png 0 0 59 118
neg0128.png 0 0 59 118
neg0129.png 0 0 59 118
neg0130.png 0 0 59 118
neg0131.png 0 0 59 118
neg0132.png 0 0 59 118
neg0133.png 0 0 59 118
neg0134.png 0 0 59 118
neg0135.png 0 0 59 118
neg0136.png 0 0 59 118
neg0137.png 0 0 59 118
neg0138.png 0 0 59 118
neg0139.png 0 0 59 118
neg0140.png 0 0 59 118
neg0141.png 0 0 59 118
neg0142.png 0 0 59 118
neg0143.png 0 0 59 118
neg0144.png 0 0 59 118
neg0145.png 0 0 59 118
neg0146.png 0 0 59 118
neg0147.png 0 0 59 118
neg0148.png 0 0 59 118
neg0149.png 0 0 59 118
neg0150.png 0 0 59 118
neg0151.png 0 0 59 118
neg0152.png 0 0 59 118
neg0153.png 0 0 59 118
neg0154.png 0 0 59 118
neg0155.png 0 0 59 118
neg0156.png 0 0 59 118
neg0157.png 0 0 59 118
neg0158.png 0 0 59 118
neg0159.png 0 0 59 118
neg0160.png 0 0 59 118
neg0161.png 0 0 59 118
neg0162.png 0 0 59 118
neg0163.png 0 0 59 118
neg0164.png 0 0 59 118
neg0165.png 0 0 59 118
neg0166.png 0 0 59 118
neg0167.png 0 0 59 118
neg0168.png 0 0 59 118
neg0169.png 0 0 59 118
neg0170.png 0 0 59 118
neg0171.png 0 0 59 118
neg0172.png 0 0 59 118
neg0173.png 0 0 59 118
neg0174.png 0 0 59 118
neg0175.png 0 0 59 118
neg0176.png 0 0 59 118
neg0177.png 0 0 59 118
neg0178.png 0 0 59 118
neg0179.png 0 0 59 118
neg0180.png 0 0 59 118
neg0181.png 0 0 59 118
neg0182.png 0 0 59 118
neg0183.png 0 0 59 118
neg0184.png 0 0 59 118
neg0185.png 0 0 59 118
neg0186.png 0 0 59 118
neg0187.png 0 0 59 118
neg0188.png 0 0 59 118
neg0189.png 0 0 59 118
neg0190.png 0 0 59 118
neg0191.png 0 0 59 118
neg0192.png 0 0 59 118
neg0193.png 0 0 59 118
neg0194.png 0 0 59 118
neg0195.png 0 0 59 118
neg0196.png 0 0 59 118
neg0197.png 0 0 59 118
neg0198.png 0 0 59 118
neg0199.png 0 0 59 118
neg0200.png 0 0 59 118
neg0201.png 0 0 59 118
neg0202.png 0 0 59 118
neg0203.png 0 0 59 118
neg0204.png 0 0 59 118
neg0205.png 0 0 59 118
neg0206.png 0 0 59 118
neg0207.png 0 0 59 118
neg0208.png 0 0 59 118
neg0209.png 0 0 59 118
neg0210.png 0 0 59 118
neg0211.png 0 0 59 118
neg0212.png 0 0 59 118
neg0213.png 0 0 59 118
neg0214.png 0 0 59 118
neg0215.png 0 0 59 118
neg0216.png 0 0 59 118
neg0217.png 0 0 59 118
neg0218.png 0 0 59 118
neg0219.png 0 0 59 118
neg0220.png 0 0 59 118
neg0221.png 0 0 59 118
neg0222.png 0 0 59 118
neg0223.png 0 0 59 118
neg0224.png 0 0 59 118
neg0225.png 0 0 59 118
neg0226.png 0 0 59 118
neg0227.png 0 0 59 118
neg0228.png 0 0 59 118
neg0229.png 0 0 59 118
neg0230.png 0 0 59 118
neg0231.png 0 0 59 118
neg0232.png 0 0 59 118
neg0233.png 0 0 59 118
neg0234.png 0 0 59 118
neg0235.png 0 0 59 118
neg0236.png 0 0 59 118
neg0237.png 0 0 59 118
neg0238.png 0 0 59 118
neg0239.png 0 0 59 118
neg0240.png 0 0 59 118
neg0241.png 0 0 59 118
neg0242.png 0 0 59 118
neg0243.png 0 0 59 118
neg0244.png 0 0 59 118
neg0245.png 0 0 59 118
neg0246.png 0 0 59 118
neg0247.png 0 0 59 118
neg0248.png 0 0 59 118
neg0249.png 0 0 59 118
neg0250.png 0 0 59 118
neg0251.png 0 0 59 118
neg0252.png 0 0 59 118
neg0253.png 0 0 59 118
neg0254.png 0 0 59 118
neg0255.png 0 0 59 118
neg0256.png 0 0 59 118
neg0257.png 0 0 59 118
neg0258.png 0 0 59 118
neg0259.png 0 0 59 118
neg0260.png 0 0 59 118
neg0261.png 0 0 59 118
neg0262.png 0 0 59 118
neg0263.png 0 0 59 118
neg0264.png 0 0 59 118
neg0265.png 0 0 59 118
neg0266.png 0 0 59 118
neg0267.png 0 0 59 118
neg0268.png 0 0 59 118
neg0269.png 0 0 59 118
neg0270.png 0 0 59 118
neg0271.png 0 0 59 118
neg0272.png 0 0 59 118
neg0273.png 0 0 59 118
neg0274.png 0 0 59 118
neg0275.png 0 0 59 118
neg0276.png 0 0 59 118
neg0277.png 0 0 59 118
neg0278.png 0 0 59 118
neg0279.png 0 0 59 118
neg0280.png 0 0 59 118
neg0281.png 0 0 59 118
neg0282.png 0 0 59 118
neg0283.png 0 0 59 118
neg0284.png 0 0 59 118
neg0285.png 0 0 59 118
neg0286.png 0 0 59 118
neg0287.png 0 0 59 118
neg0288.png 0 0 59 118
neg0289.png 0 0 59 118
neg0290.png 0 0 59 118
neg0291.png 0 0 59 118
neg0292.png 0 0 59 118
neg0293.png 0 0 59 118
neg0294.png 0 0 59 118
neg0295.png 0 0 59 118
neg0296.png 0 0 59 118
neg0297.png 0 0 59 118
neg0298.png 0 0 59 118
neg0299.png 0 0 59 118
neg0300.png 0 0 59 118
neg0301.png 0 0 59 118
neg0302.png 0 0 59 118
neg0303.png 0 0 59 118
neg0304.png 0 0 59 118
neg0305.png 0 0 59 118
neg0306.png 0 0 59 118
neg0307.png 0 0 59 118
neg0308.png 0 0 59 118
neg0309.png 0 0 59 118
neg0310.png 0 0 59 118
neg0311.png 0 0 59 118
neg0312.png 0 0 59 118
neg0313.png 0 0 59 118
neg0314.png 0 0 59 118
neg0315.png 0 0 59 118
neg0316.png 0 0 59 118
neg0317.png 0 0 59 118
neg0318.png 0 0 59 118
neg0319.png 0 0 59 118
neg0320.png 0 0 59 118
neg0321.png 0 0 59 118
neg0322.png 0 0 59 118
neg0323.png 0 0 59 118
neg0324.png 0 0 59 118
neg0325.png 0 0 59 118
neg0326.png 0 0 59 118
neg0327.png 0 0 59 118
neg0328.png 0 0 59 118
neg0329.png 0 0 59 118
neg0330.png 0 0 59 118
neg0331.png 0 0 59 118
neg0332.png 0 0 59 118
neg0333.png 0 0 59 118
neg0334.png 0 0 59 118
neg0335.png 0 0 59 118
neg0336.png 0 0 59 118
neg0337.png 0 0 59 118
neg0338.png 0 0 59 118
neg0339.png 0 0 59 118
neg0340.png 0 0 59 118
neg0341.png 0 0 59 118
neg0342.png 0 0 59 118
neg0343.png 0 0 59 118
neg0344.png 0 0 59 118
neg0345.png 0 0 59 118
neg0346.png 0 0 59 118
neg0347.png 0 0 59 118
neg0348.png 0 0 59 118
neg0349.png 0 0 59 118
neg0350.png 0 0 59 118
neg0351.png 0 0 59 118
neg0352.png 0 0 59 118
neg0353.png 0 0 59 118
neg0354.png 0 0 59 118
neg0355.png 0 0 59 118
neg0356.png 0 0 59 118
neg0357.png 0 0 59 118
neg0358.png 0 0 59 118
neg0359.png 0 0 59 118
neg0360.png 0 0 59 118
neg0361.png 0 0 59 118
neg0362.png 0 0 59 118
neg0363.png 0 0 59 118
neg0364.png 0 0 59 118
neg0365.png 0 0 59 118
neg0366.png 0 0 59 118
neg0367.png 0 0 59 118
neg0368.png 0 0 59 118
neg0369.png 0 0 59 118
neg0370.png 0 0 59 118
neg0371.png 0 0 59 118
neg0372.png 0 0 59 118
neg0373.png 0 0 59 118
neg0374.png 0 0 59 118
neg0375.png 0 0 59 118
neg0376.png 0 0 59 118
neg0377.png 0 0 59 118
neg0378.png 0 0 59 118
neg0379.png 0 0 59 118
neg0380.png 0 0 59 118
neg0381.png 0 0 59 118
neg0382.png 0 0 59 118
neg0383.png 0 0 59 118
neg0384.png 0 0 59 118
neg0385.png 0 0 59 118
neg0386.png 0 0 59 118
neg0387.png 0 0 59 118
neg0388.png 0 0 59 118
neg0389.png 0 0 59 118
neg0390.png 0 0 59 118
neg0391.png 0 0 59 118
neg0392.png 0 0 59 118
neg0393.png 0 0 59 118
neg0394.png 0 0 59 118
neg0395.png 0 0 59 118
neg0396.png 0 0 59 118
neg0397.png 0 0 59 118
neg0398.png 0 0 59 118
neg0399.png 0 0 59 118
neg0400.png 0 0 59 118
neg0401.png 0 0 59 118
neg0402.png 0 0 59 118
neg0403.png 0 0 59 118
neg0404.png 0 0 59 118
neg0405.png 0 0 59 118
neg0406.png 0 0 59 118
neg0407.png 0 0 59 118
neg0408.png 0 0 59 118
neg0409.png 0 0 59 118
neg0410.png 0 0 59 118
neg0411.png 0 0 59 118
neg0412.png 0 0 59 118
neg0413.png 0 0 59 118
neg0414.png 0 0 59 118
neg0415.png 0 0 59 118
neg0416.png 0 0 59 118
neg0417.png 0 0 59 118
neg0418.png 0 0 59 118
neg0419.png 0 0 59 118
neg0420.png 0 0 59 118
neg0421.png 0 0 59 118
neg0422.png 0 0 59 118
neg0423.png 0 0 59 118
neg0424.png 0 0 59 118
neg0425.png 0 0 59 118
neg0426.png 0 0 59 118
neg0427.png 0 0 59 118
neg0428.png 0 0 59 118
neg0429.png 0 0 59 118
neg0430.png 0 0 59 118
neg0431.png 0 0 59 118
neg0432.png 0 0 59 118
neg0433.png 0 0 59 118
neg0434.png 0 0 59 118
neg0435.png 0 0 59 118
neg0436.png 0 0 59 118
neg0437.png 0 0 59 118
neg0438.png 0 0 59 118
neg0439.png 0 0 59 118
neg0440.png 0 0 59 118
neg0441.png 0 0 59 118
neg0442.png 0 0 59 118
neg0443.png 0 0 59 118
neg0444.png 0 0 59 118
neg0445.png 0 0 59 118
neg0446.png 0 0 59 118
neg0447.png 0 0 59 118
neg0448.png 0 0 59 118
neg0449.png 0 0 59 118
neg0450.png 0 0 59 118
neg0451.png 0 0 59 118
neg0452.png 0 0 59 118
neg0453.png 0 0 59 118
neg0454.png 0 0 59 118
neg0455.png 0 0 59 118
neg0456.png 0 0 59 118
neg0457.png 0 0 59 118
neg0458.png 0 0 59 118
neg0459.png 0 0 59 118
neg0460.png 0 0 59 118
neg0461.png 0 0 59 118
neg0462.png 0 0 59 118
neg0463.png 0 0 59 118
neg0464.png 0 0 59 118
neg0465.png 0 0 59 118
neg0466.png 0 0 59 118
neg0467.png 0 0 59 118
neg0468.png 0 0 59 118
neg0469.png 0 0 59 118
neg0470.png 0 0 59 118
neg0471.png 0 0 59 118
neg0472.png 0 0 59 118
neg0473.png 0 0 59 118
neg0474.png 0 0 59 118
neg0475.png 0 0 59 118
neg0476.png 0 0 59 118
neg0477.png 0 0 59 118
neg0478.png 0 0 59 118
neg0479.png 0 0 59 118
neg0480.png 0 0 59 118
neg0481.png 0 0 59 118
neg0482.png 0 0 59 118
neg0483.png 0 0 59 118
neg0484.png 0 0 59 118
neg0485.png 0 0 59 118
neg0486.png 0 0 59 118
neg0487.png 0 0 59 118
neg0488.png 0 0 59 118
neg0489.png 0 0 59 118
neg0490.png 0 0 59 118
neg0491.png 0 0 59 118
neg0492.png 0 0 59 118
neg0493.png 0 0 59 118
neg0494.png 0 0 59 118
neg0495.png 0 0 59 118
neg0496.png 0 0 59 118
neg0497.png 0 0 59 118
neg0498.png 0 0 59 118
neg0499.png 0 0 59 118
neg0500.png 0 0 59 118
neg0501.png 0 0 59 118
neg0502.png 0 0 59 118
neg0503.png 0 0 59 118
neg0504.png 0 0 59 118
neg0505.png 0 0 59 118
neg0506.png 0 0 59 118
neg0507.png 0 0 59 118
neg0508.png 0 0 59 118
neg0509.png 0 0 59 118
neg0510.png 0 0 59 118
neg0511.png 0 0 59 118
neg0512.png 0 0 59 118
neg0513.png 0 0 59 118
neg0514.png 0 0 59 118
neg0515.png 0 0 59 118
neg0516.png 0 0 59 118
neg0517.png 0 0 59 118
neg0518.png 0 0 59 118
neg0519.png 0 0 59 118
neg0520.png 0 0 59 118
neg0521.png 0 0 59 118
neg0522.png 0 0 59 118
neg0523.png 0 0 59 118
neg0524.png 0 0 59 118
neg0525.png 0 0 59 118
neg0526.png 0 0 59 118
neg0527.png 0 0 59 118
neg0528.png 0 0 59 118
neg0529.png 0 0 59 118
neg0530.png 0 0 59 118
neg0531.png 0 0 59 118
neg0532.png 0 0 59 118
neg0533.png 0 0 59 118
neg0534.png 0 0 59 118
neg0535.png 0 0 59 118
neg0536.png 0 0 59 118
neg0537.png 0 0 59 118
neg0538.png 0 0 59 118
neg0539.png 0 0 59 118
neg0540.png 0 0 59 118
neg0541.png 0 0 59 118
neg0542.png 0 0 59 118
neg0543.png 0 0 59 118
neg0544.png 0 0 59 118
neg0545.png 0 0 59 118
neg0546.png 0 0 59 118
neg0547.png 0 0 59 118
neg0548.png 0 0 59 118
neg0549.png 0 0 59 118
neg0550.png 0 0 59 118
neg0551.png 0 0 59 118
neg0552.png 0 0 59 118
neg0553.png 0 0 59 118
neg0554.png 0 0 59 118
neg0555.png 0 0 59 118
neg0556.png 0 0 59 118
neg0557.png 0 0 59 118
neg0558.png 0 0 59 118
neg0559.png 0 0 59 118
neg0560.png 0 0 59 118
neg0561.png 0 0 59 118
neg0562.png 0 0 59 118
neg0563.png 0 0 59 118
neg0564.png 0 0 59 118
neg0565.png 0 0 59 118
neg0566.png 0 0 59 118
neg0567.png 0 0 59 118
neg0568.png 0 0 59 118
neg0569.png 0 0 59 118
neg0570.png 0 0 59 118
neg0571.png 0 0 59 118
neg0572.png 0 0 59 118
neg0573.png 0 0 59 118
neg0574.png 0 0 59 118
neg0575.png 0 0 59 118
neg0576.png 0 0 59 118
neg0577.png 0 0 59 118
neg0578.png 0 0 59 118
neg0579.png 0 0 59 118
neg0580.png 0 0 59 118
neg0581.png 0 0 59 118
neg0582.png 0 0 59 118
neg0583.png 0 0 59 118
neg0584.png 0 0 59 118
neg0585.png 0 0 59 118
neg0586.png 0 0 59 118
neg0587.png 0 0 59 118
neg0588.png 0 0 59 118
neg0589.png 0 0 59 118
neg0590.png 0 0 59 118
neg0591.png 0 0 59 118
neg0592.png 0 0 59 118
neg0593.png 0 0 59 118
neg0594.png 0 0 59 118
neg0595.png 0 0 59 118
neg0596.png 0 0 59 118
neg0597.png 0 0 59 118
neg0598.png 0 0 59 118
neg0599.png 0 0 59 118
neg0600.png 0 0 59 118
neg0601.png 0 0 59 118
neg0602.png 0 0 59 118
neg0603.png 0 0 59 118
neg0604.png 0 0 59 118
neg0605.png 0 0 59 118
neg0606.png 0 0 59 118
neg0607.png 0 0 59 118
neg0608.png 0 0 59 118
neg0609.png 0 0 59 118
neg0610.png 0 0 59 118
neg0611.png 0 0 59 118
neg0612.png 0 0 59 118
neg0613.png 0 0 59 118
neg0614.png 0 0 59 118
neg0615.png 0 0 59 118
neg0616.png 0 0 59 118
neg0617.png 0 0 59 118
neg0618.png 0 0 59 118
neg0619.png 0 0 59 118
neg0620.png 0 0 59 118
neg0621.png 0 0 59 118
neg0622.png 0 0 59 118
neg0623.png 0 0 59 118
neg0624.png 0 0 59 118
neg0625.png 0 0 59 118
neg0626.png 0 0 59 118
neg0627.png 0 0 59 118
neg0628.png 0 0 59 118
neg0629.png 0 0 59 118
neg0630.png 0 0 59 118
neg0631.png 0 0 59 118
neg0632.png 0 0 59 118
neg0633.png 0 0 59 118
neg0634.png 0 0 59 118
neg0635.png 0 0 59 118
neg0636.png 0 0 59 118
neg0637.png 0 0 59 118
neg0638.png 0 0 59 118
neg0639.png 0 0 59 118
neg0640.png 0 0 59 118
neg0641.png 0 0 59 118
neg0642.png 0 0 59 118
neg0643.png 0 0 59 118
neg0644.png 0 0 59 118
neg0645.png 0 0 59 118
neg0646.png 0 0 59 118
neg0647.png 0 0 59 118
neg0648.png 0 0 59 118
neg0649.png 0 0 59 118
neg0650.png 0 0 59 118
neg0651.png 0 0 59 118
neg0652.png 0 0 59 118
neg0653.png 0 0 59 118
neg0654.png 0 0 59 118
neg0655.png 0 0 59 118
neg0656.png 0 0 59 118
neg0657.png 0 0 59 118
neg0658.png 0 0 59 118
neg0659.png 0 0 59 118
neg0660.png 0 0 59 118
neg0661.png 0 0 59 118
neg0662.png 0 0 59 118
neg0663.png 0 0 59 118
neg0664.png 0 0 59 118
neg0665.png 0 0 59 118
neg0666.png 0 0 59 118
neg0667.png 0 0 59 118
neg0668.png 0 0 59 118
neg0669.png 0 0 59 118
neg0670.png 0 0 59 118
neg0671.png 0 0 59 118
neg0672.png 0 0 59 118
neg0673.png 0 0 59 118
neg0674.png 0 0 59 118
neg0675.png 0 0 59 118
neg0676.png 0 0 59 118
neg0677.png 0 0 59 118
neg0678.png 0 0 59 118
neg0679.png 0 0 59 118
neg0680.png 0 0 59 118
neg0681.png 0 0 59 118
neg0682.png 0 0 59 118
neg0683.png 0 0 59 118
neg0684.png 0 0 59 118
neg0685.png 0 0 59 118
neg0686.png 0 0 59 118
neg0687.png 0 0 59 118
neg0688.png 0 0 59 118
neg0689.png 0 0 59 118
neg0690.png 0 0 59 118
neg0691.png 0 0 59 118
neg0692.png 0 0 59 118
neg0693.png 0 0 59 118
neg0694.png 0 0 59 118
neg0695.png 0 0 59 118
neg0696.png 0 0 59 118
neg0697.png 0 0 59 118
neg0698.png 0 0 59 118
neg0699.png 0 0 59 118
neg0700.png 0 0 59 118
neg0701.png 0 0 59 118
neg0702.png 0 0 59 118
neg0703.png 0 0 59 118
neg0704.png 0 0 59 118
neg0705.png 0 0 59 118
neg0706.png 0 0 59 118
neg0707.png 0 0 59 118
neg0708.png 0 0 59 118
neg0709.png 0 0 59 118
neg0710.png 0 0 59 118
neg0711.png 0 0 59 118
neg0712.png 0 0 59 118
neg0713.png 0 0 59 118
neg0714.png 0 0 59 118
neg0715.png 0 0 59 118
neg0716.png 0 0 59 118
neg0717.png 0 0 59 118
neg0718.png 0 0 59 118
neg0719.png 0 0 59 118
neg0720.png 0 0 59 118
neg0721.png 0 0 59 118
neg0722.png 0 0 59 118
neg0723.png 0 0 59 118
neg0724.png 0 0 59 118
neg0725.png 0 0 59 118
neg0726.png 0 0 59 118
neg0727.png 0 0 59 118
neg0728.png 0 0 59 118
neg0729.png 0 0 59 118
neg0730.png 0 0 59 118
neg0731.png 0 0 59 118
neg0732.png 0 0 59 118
neg0733.png 0 0 59 118
neg0734.png 0 0 59 118
neg0735.png 0 0 59 118
neg0736.png 0 0 59 118
neg0737.png 0 0 59 118
neg0738.png 0 0 59 118
neg0739.png 0 0 59 118
neg0740.png 0 0 59 118
neg0741.png 0 0 59 118
neg0742.png 0 0 59 118
neg0743.png 0 0 59 118
neg0744.png 0 0 59 118
neg0745.png 0 0 59 118
neg0746.png 0 0 59 118
neg0747.png 0 0 59 118
neg0748.png 0 0 59 118
neg0749.png 0 0 59 118
neg0750.png 0 0 59 118
neg0751.png 0 0 59 118
neg0752.png 0 0 59 118
neg0753.png 0 0 59 118
neg0754.png 0 0 59 118
neg0755.png 0 0 59 118
neg0756.png 0 0 59 118
neg0757.png 0 0 59 118
neg0758.png 0 0 59 118
neg0759.png 0 0 59 118
neg0760.png 0 0 59 118
neg0761.png 0 0 59 118
neg0762.png 0 0 59 118
neg0763.png 0 0 59 118
neg0764.png 0 0 59 118
neg0765.png 0 0 59 118
neg0766.png 0 0 59 118
neg0767.png 0 0 59 118
neg0768.png 0 0 59 118
neg0769.png 0 0 59 118
neg0770.png 0 0 59 118
neg0771.png 0 0 59 118
neg0772.png 0 0 59 118
neg0773.png 0 0 59 118
neg0774.png 0 0 59 118
neg0775.png 0 0 59 118
neg0776.png 0 0 59 118
neg0777.png 0 0 59 118
neg0778.png 0 0 59 118
neg0779.png 0 0 59 118
neg0780.png 0 0 59 118
neg0781.png 0 0 59 118
neg0782.png 0 0 59 118
neg0783.png 0 0 59 118
neg0784.png 0 0 59 118
neg0785.png 0 0 59 118
neg0786.png 0 0 59 118
neg0787.png 0 0 59 118
neg0788.png 0 0 59 118
neg0789.png 0 0 59 118
neg0790.png 0 0 59 118
neg0791.png 0 0 59 118
neg0792.png 0 0 59 118
neg0793.png 0 0 59 118
neg0794.png 0 0 59 118
neg0795.png 0 0 59 118
neg0796.png 0 0 59 118
neg0797.png 0 0 59 118
neg0798.png 0 0 59 118
neg0799.png 0 0 59 118
neg0800.png 0 0 59 118
neg0801.png 0 0 59 118
neg0802.png 0 0 59 118
neg0803.png 0 0 59 118
neg0804.png 0 0 59 118
neg0805.png 0 0 59 118
neg0806.png 0 0 59 118
neg0807.png 0 0 59 118
neg0808.png 0 0 59 118
neg0809.png 0 0 59 118
neg0810.png 0 0 59 118
neg0811.png 0 0 59 118
neg0812.png 0 0 59 118
neg0813.png 0 0 59 118
neg0814.png 0 0 59 118
neg0815.png 0 0 59 118
neg0816.png 0 0 59 118
neg0817.png 0 0 59 118
neg0818.png 0 0 59 118
neg0819.png 0 0 59 118
neg0820.png 0 0 59 118
neg0821.png 0 0 59 118
neg0822.png 0 0 59 118
neg0823.png 0 0 59 118
neg0824.png 0 0 59 118
neg0825.png 0 0 59 118
neg0826.png 0 0 59 118
neg0827.png 0 0 59 118
neg0828.png 0 0 59 118
neg0829.png 0 0 59 118
neg0830.png 0 0 59 118
neg0831.png 0 0 59 118
neg0832.png 0 0 59 118
neg0833.png 0 0 59 118
neg0834.png 0 0 59 118
neg0835.png 0 0 59 118
neg0836.png 0 0 59 118
neg0837.png 0 0 59 118
neg0838.png 0 0 59 118
neg0839.png 0 0 59 118
neg0840.png 0 0 59 118
neg0841.png 0 0 59 118
neg0842.png 0 0 59 118
neg0843.png 0 0 59 118
neg0844.png 0 0 59 118
neg0845.png 0 0 59 118
neg0846.png 0 0 59 118
neg0847.png 0 0 59 118
neg0848.png 0 0 59 118
neg0849.png 0 0 59 118
neg0850.png 0 0 59 118
neg0851.png 0 0 59 118
neg0852.png 0 0 59 118
neg0853.png 0 0 59 118
neg0854.png 0 0 59 118
neg0855.png 0 0 59 118
neg0856.png 0 0 59 118
neg0857.png 0 0 59 118
neg0858.png 0 0 59 118
neg0859.png 0 0 59 118
neg0860.png 0 0 59 118
neg0861.png 0 0 59 118
neg0862.png 0 0 59 118
neg0863.png 0 0 59 118
neg0864.png 0 0 59 118
neg0865.png 0 0 59 118
neg0866.png 0 0 59 118
neg0867.png 0 0 59 118
neg0868.png 0 0 59 118
neg0869.png 0 0 59 118
neg0870.png 0 0 59 118
neg0871.png 0 0 59 118
neg0872.png 0 0 59 118
neg0873.png 0 0 59 118
neg0874.png 0 0 59 118
neg0875.png 0 0 59 118
neg0876.png 0 0 59 118
neg0877.png 0 0 59 118
neg0878.png 0 0 59 118
neg0879.png 0 0 59 118
neg0880.png 0 0 59 118
neg0881.png 0 0 59 118
neg0882.png 0 0 59 118
neg0883.png 0 0 59 118
neg0884.png 0 0 59 118
neg0885.png 0 0 59 118
neg0886.png 0 0 59 118
neg0887.png 0 0 59 118
neg0888.png 0 0 59 118
neg0889.png 0 0 59 118
neg0890.png 0 0 59 118
neg0891.png 0 0 59 118
neg0892.png 0 0 59 118
neg0893.png 0 0 59 118
neg0894.png 0 0 59 118
neg0895.png 0 0 59 118
neg0896.png 0 0 59 118
neg0897.png 0 0 59 118
neg0898.png 0 0 59 118
neg0899.png 0 0 59 118
neg0900.png 0 0 59 118
neg0901.png 0 0 59 118
neg0902.png 0 0 59 118
neg0903.png 0 0 59 118
neg0904.png 0 0 59 118
neg0905.png 0 0 59 118
neg0906.png 0 0 59 118
neg0907.png 0 0 59 118
neg0908.png 0 0 59 118
neg0909.png 0 0 59 118
neg0910.png 0 0 59 118
neg0911.png 0 0 59 118
neg0912.png 0 0 59 118
neg0913.png 0 0 59 118
neg0914.png 0 0 59 118
neg0915.png 0 0 59 118
neg0916.png 0 0 59 118
neg0917.png 0 0 59 118
neg0918.png 0 0 59 118
neg0919.png 0 0 59 118
neg0920.png 0 0 59 118
neg0921.png 0 0 59 118
neg0922.png 0 0 59 118
neg0923.png 0 0 59 118
neg0924.png 0 0 59 118
neg0925.png 0 0 59 118
neg0926.png 0 0 59 118
neg0927.png 0 0 59 118
neg0928.png 0 0 59 118
neg0929.png 0 0 59 118
neg0930.png 0 0 59 118
neg0931.png 0 0 59 118
neg0932.png 0 0 59 118
neg0933.png 0 0 59 118
neg0934.png 0 0 59 118
neg0935.png 0 0 59 118
neg0936.png 0 0 59 118
neg0937.png 0 0 59 118
neg0938.png 0 0 59 118
neg0939.png 0 0 59 118
neg0940.png 0 0 59 118
neg0941.png 0 0 59 118
neg0942.png 0 0 59 118
neg0943.png 0 0 59 118
neg0944.png 0 0 59 118
neg0945.png 0 0 59 118
neg0946.png 0 0 59 118
neg0947.png 0 0 59 118
neg0948.png 0 0 59 118
neg0949.png 0 0 59 118
neg0950.png 0 0 59 118
neg0951.png 0 0 59 118
neg0952.png 0 0 59 118
neg0953.png 0 0 59 118
neg0954.png 0 0 59 118
neg0955.png 0 0 59 118
neg0956.png 0 0 59 118
neg0957.png 0 0 59 118
neg0958.png 0 0 59 118
neg0959.png 0 0 59 118
neg0960.png 0 0 59 118
neg0961.png 0 0 59 118
neg0962.png 0 0 59 118
neg0963.png 0 0 59 118
neg0964.png 0 0 59 118
neg0965.png 0 0 59 118
neg0966.png 0 0 59 118
neg0967.png 0 0 59 118
neg0968.png 0 0 59 118
neg0969.png 0 0 59 118
neg0970.png 0 0 59 118
neg0971.png 0 0 59 118
neg0972.png 0 0 59 118
neg0973.png 0 0 59 118
neg0974.png 0 0 59 118
neg0975.png 0 0 59 118
neg0976.png 0 0 59 118
neg0977.png 0 0 59 118
neg0978.png 0 0 59 118
neg0979.png 0 0 59 118
neg0980.png 0 0 59 118
neg0981.png 0 0 59 118
neg0982.png 0 0 59 118
neg0983.png 0 0 59 118
neg0984.png 0 0 59 118
neg0985.png 0 0 59 118
neg0986.png 0 0 59 118
neg0987.png 0 0 59 118
neg0988.png 0 0 59 118
neg0989.png 0 0 59 118
neg0990.png 0 0 59 118
neg0991.png 0 0 59 118
neg0992.png 0 0 59 118
neg0993.png 0 0 59 118
neg0994.png 0 0 59 118
neg0995.png 0 0 59 118
neg0996.png 0 0 59 118
neg0997.png 0 0 59 118
neg0998.png 0 0 59 118
neg0999.png 0 0 59 118
neg1000.png 0 0 59 118
neg1001.png 0 0 59 118
neg1002.png 0 0 59 118
neg1003.png 0 0 59 118
neg1004.png 0 0 59 118
neg1005.png 0 0 59 118
neg1006.png 0 0 59 118
neg1007.png 0 0 59 118
neg1008.png 0 0 59 118
neg1009.png 0 0 59 118
neg1010.png 0 0 59 118
neg1011.png 0 0 59 118
neg1012.png 0 0 59 118
neg1013.png 0 0 59 118
neg1014.png 0 0 59 118
neg1015.png 0 0 59 118
neg1016.png 0 0 59 118
neg1017.png 0 0 59 118
neg1018.png 0 0 59 118
neg1019.png 0 0 59 118
neg1020.png 0 0 59 118
neg1021.png 0 0 59 118
neg1022.png 0 0 59 118
neg1023.png 0 0 59 118
neg1024.png 0 0 59 118
neg1025.png 0 0 59 118
neg1026.png 0 0 59 118
neg1027.png 0 0 59 118
neg1028.png 0 0 59 118
neg1029.png 0 0 59 118
neg1030.png 0 0 59 118
neg1031.png 0 0 59 118
neg1032.png 0 0 59 118
neg1033.png 0 0 59 118
neg1034.png 0 0 59 118
neg1035.png 0 0 59 118
neg1036.png 0 0 59 118
neg1037.png 0 0 59 118
neg1038.png 0 0 59 118
neg1039.png 0 0 59 118
neg1040.png 0 0 59 118
neg1041.png 0 0 59 118
neg1042.png 0 0 59 118
neg1043.png 0 0 59 118
neg1044.png 0 0 59 118
neg1045.png 0 0 59 118
neg1046.png 0 0 59 118
neg1047.png 0 0 59 118
neg1048.png 0 0 59 118
neg1049.png 0 0 59 118
neg1050.png 0 0 59 118
neg1051.png 0 0 59 118
neg1052.png 0 0 59 118
neg1053.png 0 0 59 118
neg1054.png 0 0 59 118
neg1055.png 0 0 59 118
neg1056.png 0 0 59 118
neg1057.png 0 0 59 118
neg1058.png 0 0 59 118
neg1059.png 0 0 59 118
neg1060.png 0 0 59 118
neg1061.png 0 0 59 118
neg1062.png 0 0 59 118
neg1063.png 0 0 59 118
neg1064.png 0 0 59 118
neg1065.png 0 0 59 118
neg1066.png 0 0 59 118
neg1067.png 0 0 59 118
neg1068.png 0 0 59 118
neg1069.png 0 0 59 118
neg1070.png 0 0 59 118
neg1071.png 0 0 59 118
neg1072.png 0 0 59 118
neg1073.png 0 0 59 118
neg1074.png 0 0 59 118
neg1075.png 0 0 59 118
neg1076.png 0 0 59 118
neg1077.png 0 0 59 118
neg1078.png 0 0 59 118
neg1079.png 0 0 59 118
neg1080.png 0 0 59 118
neg1081.png 0 0 59 118
neg1082.png 0 0 59 118
neg1083.png 0 0 59 118
neg1084.png 0 0 59 118
neg1085.png 0 0 59 118
neg1086.png 0 0 59 118
neg1087.png 0 0 59 118
neg1088.png 0 0 59 118
neg1089.png 0 0 59 118
neg1090.png 0 0 59 118
neg1091.png 0 0 59 118
neg1092.png 0 0 59 118
neg1093.png 0 0 59 118
neg1094.png 0 0 59 118
neg1095.png 0 0 59 118
neg1096.png 0 0 59 118
neg1097.png 0 0 59 118
neg1098.png 0 0 59 118
neg1099.png 0 0 59 118
neg1100.png 0 0 59 118
neg1101.png 0 0 59 118
neg1102.png 0 0 59 118
neg1103.png 0 0 59 118
neg1104.png 0 0 59 118
neg1105.png 0 0 59 118
neg1106.png 0 0 59 118
neg1107.png 0 0 59 118
neg1108.png 0 0 59 118
neg1109.png 0 0 59 118
neg1110.png 0 0 59 118
neg1111.png 0 0 59 118
neg1112.png 0 0 59 118
neg1113.png 0 0 59 118
neg1114.png 0 0 59 118
neg1115.png 0 0 59 118
neg1116.png 0 0 59 118
neg1117.png 0 0 59 118
neg1118.png 0 0 59 118
neg1119.png 0 0 59 118
neg1120.png 0 0 59 118
neg1121.png 0 0 59 118
neg1122.png 0 0 59 118
neg1123.png 0 0 59 118
neg1124.png 0 0 59 118
neg1125.png 0 0 59 118
neg1126.png 0 0 59 118
neg1127.png 0 0 59 118
neg1128.png 0 0 59 118
neg1129.png 0 0 59 118
neg1130.png 0 0 59 118
neg1131.png 0 0 59 118
neg1132.png 0 0 59 118
neg1133.png 0 0 59 118
neg1134.png 0 0 59 118
neg1135.png 0 0 59 118
neg1136.png 0 0 59 118
neg1137.png 0 0 59 118
neg1138.png 0 0 59 118
neg1139.png 0 0 59 118
neg1140.png 0 0 59 118
neg1141.png 0 0 59 118
neg1142.png 0 0 59 118
neg1143.png 0 0 59 118
neg1144.png 0 0 59 118
neg1145.png 0 0 59 118
neg1146.png 0 0 59 118
neg1147.png 0 0 59 118
neg1148.png 0 0 59 118
neg1149.png 0 0 59 118
neg1150.png 0 0 59 118
neg1151.png 0 0 59 118
neg1152.png 0 0 59 118
neg1153.png 0 0 59 118
neg1154.png 0 0 59 118
neg1155.png 0 0 59 118
neg1156.png 0 0 59 118
neg1157.png 0 0 59 118
neg1158.png 0 0 59 118
neg1159.png 0 0 59 118
neg1160.png 0 0 59 118
neg1161.png 0 0 59 118
neg1162.png 0 0 59 118
neg1163.png 0 0 59 118
neg1164.png 0 0 59 118
neg1165.png 0 0 59 118
neg1166.png 0 0 59 118
neg1167.png 0 0 59 118
neg1168.png 0 0 59 118
neg1169.png 0 0 59 118
neg1170.png 0 0 59 118
neg1171.png 0 0 59 118
neg1172.png 0 0 59 118
neg1173.png 0 0 59 118
neg1174.png 0 0 59 118
neg1175.png 0 0 59 118
neg1176.png 0 0 59 118
neg1177.png 0 0 59 118
neg1178.png 0 0 59 118
neg1179.png 0 0 59 118
neg1180.png 0 0 59 118
neg1181.png 0 0 59 118
neg1182.png 0 0 59 118
neg1183.png 0 0 59 118
neg1184.png 0 0 59 118
neg1185.png 0 0 59 118
neg1186.png 0 0 59 118
neg1187.png 0 0 59 118
neg1188.png 0 0 59 118
neg1189.png 0 0 59 118
neg1190.png 0 0 59 118
neg1191.png 0 0 59 118
neg1192.png 0 0 59 118
neg1193.png 0 0 59 118
neg1194.png 0 0 59 118
neg1195.png 0 0 59 118
neg1196.png 0 0 59 118
neg1197.png 0 0 59 118
neg1198.png 0 0 59 118
neg1199.png 0 0 59 118
neg1200.png 0 0 59 118
neg1201.png 0 0 59 118
neg1202.png 0 0 59 118
neg1203.png 0 0 59 118
neg1204.png 0 0 59 118
neg1205.png 0 0 59 118
neg1206.png 0 0 59 118
neg1207.png 0 0 59 118
neg1208.png 0 0 59 118
neg1209.png 0 0 59 118
neg1210.png 0 0 59 118
neg1211.png 0 0 59 118
neg1212.png 0 0 59 118
neg1213.png 0 0 59 118
neg1214.png 0 0 59 118
neg1215.png 0 0 59 118
neg1216.png 0 0 59 118
neg1217.png 0 0 59 118
neg1218.png 0 0 59 118
neg1219.png 0 0 59 118
neg1220.png 0 0 59 118
neg1221.png 0 0 59 118
neg1222.png 0 0 59 118
neg1223.png 0 0 59 118
neg1224.png 0 0 59 118
neg1225.png 0 0 59 118
neg1226.png 0 0 59 118
neg1227.png 0 0 59 118
neg1228.png 0 0 59 118
neg1229.png 0 0 59 118
neg1230.png 0 0 59 118
neg1231.png 0 0 59 118
neg1232.png 0 0 59 118
neg1233.png 0 0 59 118
neg1234.png 0 0 59 118
neg1235.png 0 0 59 118
neg1236.png 0 0 59 118
neg1237.png 0 0 59 118
neg1238.png 0 0 59 118
neg1239.png 0 0 59 118
neg1240.png 0 0 59 118
neg1241.png 0 0 59 118
neg1242.png 0 0 59 118
neg1243.png 0 0 59 118
neg1244.png 0 0 59 118
neg1245.png 0 0 59 118
neg1246.png 0 0 59 118
neg1247.png 0 0 59 118
neg1248.png 0 0 59 118
neg1249.png 0 0 59 118
neg1250.png 0 0 59 118
neg1251.png 0 0 59 118
neg1252.png 0 0 59 118
neg1253.png 0 0 59 118
neg1254.png 0 0 59 118
neg1255.png 0 0 59 118
neg1256.png 0 0 59 118
neg1257.png 0 0 59 118
neg1258.png 0 0 59 118
neg1259.png 0 0 59 118
neg1260.png 0 0 59 118
neg1261.png 0 0 59 118
neg1262.png 0 0 59 118
neg1263.png 0 0 59 118
neg1264.png 0 0 59 118
neg1265.png 0 0 59 118
neg1266.png 0 0 59 118
neg1267.png 0 0 59 118
neg1268.png 0 0 59 118
neg1269.png 0 0 59 118
neg1270.png 0 0 59 118
neg1271.png 0 0 59 118
neg1272.png 0 0 59 118
neg1273.png 0 0 59 118
neg1274.png 0 0 59 118
neg1275.png 0 0 59 118
neg1276.png 0 0 59 118
neg1277.png 0 0 59 118
neg1278.png 0 0 59 118
neg1279.png 0 0 59 118
neg1280.png 0 0 59 118
neg1281.png 0 0 59 118
neg1282.png 0 0 59 118
neg1283.png 0 0 59 118
neg1284.png 0 0 59 118
neg1285.png 0 0 59 118
neg1286.png 0 0 59 118
neg1287.png 0 0 59 118
neg1288.png 0 0 59 118
neg1289.png 0 0 59 118
neg1290.png 0 0 59 118
neg1291.png 0 0 59 118
neg1292.png 0 0 59 118
neg1293.png 0 0 59 118
neg1294.png 0 0 59 118
neg1295.png 0 0 59 118
neg1296.png 0 0 59 118
neg1297.png 0 0 59 118
neg1298.png 0 0 59 118
neg1299.png 0 0 59 118
neg1300.png 0 0 59 118
neg1301.png 0 0 59 118
neg1302.png 0 0 59 118
neg1303.png 0 0 59 118
neg1304.png 0 0 59 118
neg1305.png 0 0 59 118
neg1306.png 0 0 59 118
neg1307.png 0 0 59 118
neg1308.png 0 0 59 118
neg1309.png 0 0 59 118
neg1310.png 0 0 59 118
neg1311.png 0 0 59 118
neg1312.png 0 0 59 118
neg1313.png 0 0 59 118
neg1314.png 0 0 59 118
neg1315.png 0 0 59 118
neg1316.png 0 0 59 118
neg1317.png 0 0 59 118
neg1318.png 0 0 59 118
neg1319.png 0 0 59 118
neg1320.png 0 0 59 118
neg1321.png 0 0 59 118
neg1322.png 0 0 59 118
neg1323.png 0 0 59 118
neg1324.png 0 0 59 118
neg1325.png 0 0 59 118
neg1326.png 0 0 59 118
neg1327.png 0 0 59 118
neg1328.png 0 0 59 118
neg1329.png 0 0 59 118
neg1330.png 0 0 59 118
neg1331.png 0 0 59 118
neg1332.png 0 0 59 118
neg1333.png 0 0 59 118
neg1334.png 0 0 59 118
neg1335.png 0 0 59 118
neg1336.png 0 0 59 118
neg1337.png 0 0 59 118
neg1338.png 0 0 59 118
neg1339.png 0 0 59 118
neg1340.png 0 0 59 118
neg1341.png 0 0 59 118
neg1342.png 0 0 59 118
neg1343.png 0 0 59 118
neg1344.png 0 0 59 118
neg1345.png 0 0 59 118
neg1346.png 0 0 59 118
neg1347.png 0 0 59 118
neg1348.png 0 0 59 118
neg1349.png 0 0 59 118
neg1350.png 0 0 59 118
neg1351.png 0 0 59 118
neg1352.png 0 0 59 118
neg1353.png 0 0 59 118
neg1354.png 0 0 59 118
neg1355.png 0 0 59 118
neg1356.png 0 0 59 118
neg1357.png 0 0 59 118
neg1358.png 0 0 59 118
neg1359.png 0 0 59 118
neg1360.png 0 0 59 118
neg1361.png 0 0 59 118
neg1362.png 0 0 59 118
neg1363.png 0 0 59 118
neg1364.png 0 0 59 118
neg1365.png 0 0 59 118
neg1366.png 0 0 59 118
neg1367.png 0 0 59 118
neg1368.png 0 0 59 118
neg1369.png 0 0 59 118
neg1370.png 0 0 59 118
neg1371.png 0 0 59 118
neg1372.png 0 0 59 118
neg1373.png 0 0 59 118
neg1374.png 0 0 59 118
neg1375.png 0 0 59 118
neg1376.png 0 0 59 118
neg1377.png 0 0 59 118
neg1378.png 0 0 59 118
neg1379.png 0 0 59 118
neg1380.png 0 0 59 118
neg1381.png 0 0 59 118
neg1382.png 0 0 59 118
neg1383.png 0 0 59 118
neg1384.png 0 0 59 118
neg1385.png 0 0 59 118
neg1386.png 0 0 59 118
neg1387.png 0 0 59 118
neg1388.png 0 0 59 118
neg1389.png 0 0 59 118
neg1390.png 0 0 59 118
neg1391.png 0 0 59 118
neg1392.png 0 0 59 118
neg1393.png 0 0 59 118
neg1394.png 0 0 59 118
neg1395.png 0 0 59 118
neg1396.png 0 0 59 118
neg1397.png 0 0 59 118
neg1398.png 0 0 59 118
neg1399.png 0 0 59 118
neg1400.png 0 0 59 118
neg1401.png 0 0 59 118
neg1402.png 0 0 59 118
neg1403.png 0 0 59 118
neg1404.png 0 0 59 118
neg1405.png 0 0 59 118
neg1406.png 0 0 59 118
neg1407.png 0 0 59 118
neg1408.png 0 0 59 118
neg1409.png 0 0 59 118
neg1410.png 0 0 59 118
neg1411.png 0 0 59 118
neg1412.png 0 0 59 118
neg1413.png 0 0 59 118
neg1414.png 0 0 59 118
neg1415.png 0 0 59 118
neg1416.png 0 0 59 118
neg1417.png 0 0 59 118
neg1418.png 0 0 59 118
neg1419.png 0 0 59 118
neg1420.png 0 0 59 118
neg1421.png 0 0 59 118
neg1422.png 0 0 59 118
neg1423.png 0 0 59 118
neg1424.png 0 0 59 118
neg1425.png 0 0 59 118
neg1426.png 0 0 59 118
neg1427.png 0 0 59 118
neg1428.png 0 0 59 118
neg1429.png 0 0 59 118
neg1430.png 0 0 59 118
neg1431.png 0 0 59 118
neg1432.png 0 0 59 118
neg1433.png 0 0 59 118
neg1434.png 0 0 59 118
neg1435.png 0 0 59 118
neg1436.png 0 0 59 118
neg1437.png 0 0 59 118
neg1438.png 0 0 59 118
neg1439.png 0 0 59 118
neg1440.png 0 0 59 118
neg1441.png 0 0 59 118
neg1442.png 0 0 59 118
neg1443.png 0 0 59 118
neg1444.png 0 0 59 118
neg1445.png 0 0 59 118
neg1446.png 0 0 59 118
neg1447.png 0 0 59 118
neg1448.png 0 0 59 118
neg1449.png 0 0 59 118
neg1450.png 0 0 59 118
neg1451.png 0 0 59 118
neg1452.png 0 0 59 118
neg1453.png 0 0 59 118
neg1454.png 0 0 59 118
neg1455.png 0 0 59 118
neg1456.png 0 0 59 118
neg1457.png 0 0 59 118
neg1458.png 0 0 59 118
neg1459.png 0 0 59 118
neg1460.png 0 0 59 118
neg1461.png 0 0 59 118
neg1462.png 0 0 59 118
neg1463.png 0 0 59 118
neg1464.png 0 0 59 118
neg1465.png 0 0 59 118
neg1466.png 0 0 59 118
neg1467.png 0 0 59 118
neg1468.png 0 0 59 118
neg1469.png 0 0 59 118
neg1470.png 0 0 59 118
neg1471.png 0 0 59 118
neg1472.png 0 0 59 118
neg1473.png 0 0 59 118
neg1474.png 0 0 59 118
neg1475.png 0 0 59 118
neg1476.png 0 0 59 118
neg1477.png 0 0 59 118
neg1478.png 0 0 59 118
neg1479.png 0 0 59 118
neg1480.png 0 0 59 118
neg1481.png 0 0 59 118
neg1482.png 0 0 59 118
neg1483.png 0 0 59 118
neg1484.png 0 0 59 118
neg1485.png 0 0 59 118
neg1486.png 0 0 59 118
neg1487.png 0 0 59 118
neg1488.png 0 0 59 118
neg1489.png 0 0 59 118
neg1490.png 0 0 59 118
neg1491.png 0 0 59 118
neg1492.png 0 0 59 118
neg1493.png 0 0 59 118
neg1494.png 0 0 59 118
neg1495.png 0 0 59 118
neg1496.png 0 0 59 118
neg1497.png 0 0 59 118
neg1498.png 0 0 59 118
neg1499.png 0 0 59 118
neg1500.png 0 0 59 118
neg1501.png 0 0 59 118
neg1502.png 0 0 59 118
neg1503.png 0 0 59 118
neg1504.png 0 0 59 118
neg1505.png 0 0 59 118
neg1506.png 0 0 59 118
neg1507.png 0 0 59 118
neg1508.png 0 0 59 118
neg1509.png 0 0 59 118
neg1510.png 0 0 59 118
neg1511.png 0 0 59 118
neg1512.png 0 0 59 118
neg1513.png 0 0 59 118
neg1514.png 0 0 59 118
neg1515.png 0 0 59 118
neg1516.png 0 0 59 118
neg1517.png 0 0 59 118
neg1518.png 0 0 59 118
neg1519.png 0 0 59 118
neg1520.png 0 0 59 118
neg1521.png 0 0 59 118
neg1522.png 0 0 59 118
neg1523.png 0 0 59 118
neg1524.png 0 0 59 118
neg1525.png 0 0 59 118
neg1526.png 0 0 59 118
neg1527.png 0 0 59 118
neg1528.png 0 0 59 118
neg1529.png 0 0 59 118
neg1530.png 0 0 59 118
neg1531.png 0 0 59 118
neg1532.png 0 0 59 118
neg1533.png 0 0 59 118
neg1534.png 0 0 59 118
neg1535.png 0 0 59 118
neg1536.png 0 0 59 118
neg1537.png 0 0 59 118
neg1538.png 0 0 59 118
neg1539.png 0 0 59 118
neg1540.png 0 0 59 118
neg1541.png 0 0 59 118
neg1542.png 0 0 59 118
neg1543.png 0 0 59 118
neg1544.png 0 0 59 118
neg1545.png 0 0 59 118
neg1546.png 0 0 59 118
neg1547.png 0 0 59 118
neg1548.png 0 0 59 118
neg1549.png 0 0 59 118
neg1550.png 0 0 59 118
neg1551.png 0 0 59 118
neg1552.png 0 0 59 118
neg1553.png 0 0 59 118
neg1554.png 0 0 59 118
neg1555.png 0 0 59 118
neg1556.png 0 0 59 118
neg1557.png 0 0 59 118
neg1558.png 0 0 59 118
neg1559.png 0 0 59 118
neg1560.png 0 0 59 118
neg1561.png 0 0 59 118
neg1562.png 0 0 59 118
neg1563.png 0 0 59 118
neg1564.png 0 0 59 118
neg1565.png 0 0 59 118
neg1566.png 0 0 59 118
neg1567.png 0 0 59 118
neg1568.png 0 0 59 118
neg1569.png 0 0 59 118
neg1570.png 0 0 59 118
neg1571.png 0 0 59 118
neg1572.png 0 0 59 118
neg1573.png 0 0 59 118
neg1574.png 0 0 59 118
neg1575.png 0 0 59 118
neg1576.png 0 0 59 118
neg1577.png 0 0 59 118
neg1578.png 0 0 59 118
neg1579.png 0 0 59 118
neg1580.png 0 0 59 118
neg1581.png 0 0 59 118
neg1582.png 0 0 59 118
neg1583.png 0 0 59 118
neg1584.png 0 0 59 118
neg1585.png 0 0 59 118
neg1586.png 0 0 59 118
neg1587.png 0 0 59 118
neg1588.png 0 0 59 118
neg1589.png 0 0 59 118
neg1590.png 0 0 59 118
neg1591.png 0 0 59 118
neg1592.png 0 0 59 118
neg1593.png 0 0 59 118
neg1594.png 0 0 59 118
neg1595.png 0 0 59 118
neg1596.png 0 0 59 118
neg1597.png 0 0 59 118
neg1598.png 0 0 59 118
neg1599.png 0 0 59 118
neg1600.png 0 0 59 118
neg1601.png 0 0 59 118
neg1602.png 0 0 59 118
neg1603.png 0 0 59 118
neg1604.png 0 0 59 118
neg1605.png 0 0 59 118
neg1606.png 0 0 59 118
neg1607.png 0 0 59 118
neg1608.png 0 0 59 118
neg1609.png 0 0 59 118
neg1610.png 0 0 59 118
neg1611.png 0 0 59 118
neg1612.png 0 0 59 118
neg1613.png 0 0 59 118
neg1614.png 0 0 59 118
neg1615.png 0 0 59 118
neg1616.png 0 0 59 118
neg1617.png 0 0 59 118
neg1618.png 0 0 59 118
neg1619.png 0 0 59 118
neg1620.png 0 0 59 118
neg1621.png 0 0 59 118
neg1622.png 0 0 59 118
neg1623.png 0 0 59 118
neg1624.png 0 0 59 118
neg1625.png 0 0 59 118
neg1626.png 0 0 59 118
neg1627.png 0 0 59 118
neg1628.png 0 0 59 118
neg1629.png 0 0 59 118
neg1630.png 0 0 59 118
neg1631.png 0 0 59 118
neg1632.png 0 0 59 118
neg1633.png 0 0 59 118
neg1634.png 0 0 59 118
neg1635.png 0 0 59 118
neg1636.png 0 0 59 118
neg1637.png 0 0 59 118
neg1638.png 0 0 59 118
neg1639.png 0 0 59 118
neg1640.png 0 0 59 118
neg1641.png 0 0 59 118
neg1642.png 0 0 59 118
neg1643.png 0 0 59 118
neg1644.png 0 0 59 118
neg1645.png 0 0 59 118
neg1646.png 0 0 59 118
neg1647.png 0 0 59 118
neg1648.png 0 0 59 118
neg1649.png 0 0 59 118
neg1650.png 0 0 59 118
neg1651.png 0 0 59 118
neg1652.png 0 0 59 118
neg1653.png 0 0 59 118
neg1654.png 0 0 59 118
neg1655.png 0 0 59 118
neg1656.png 0 0 59 118
neg1657.png 0 0 59 118
neg1658.png 0 0 59 118
neg1659.png 0 0 59 118
neg1660.png 0 0 59 118
neg1661.png 0 0 59 118
neg1662.png 0 0 59 118
neg1663.png 0 0 59 118
neg1664.png 0 0 59 118
neg1665.png 0 0 59 118
neg1666.png 0 0 59 118
neg1667.png 0 0 59 118
neg1668.png 0 0 59 118
neg1669.png 0 0 59 118
neg1670.png 0 0 59 118
neg1671.png 0 0 59 118
neg1672.png 0 0 59 118
neg1673.png 0 0 59 118
neg1674.png 0 0 59 118
neg1675.png 0 0 59 118
neg1676.png 0 0 59 118
neg1677.png 0 0 59 118
neg1678.png 0 0 59 118
neg1679.png 0 0 59 118
neg1680.png 0 0 59 118
neg1681.png 0 0 59 118
neg1682.png 0 0 59 118
neg1683.png 0 0 59 118
neg1684.png 0 0 59 118
neg1685.png 0 0 59 118
neg1686.png 0 0 59 118
neg1687.png 0 0 59 118
neg1688.png 0 0 59 118
neg1689.png 0 0 59 118
neg1690.png 0 0 59 118
neg1691.png 0 0 59 118
neg1692.png 0 0 59 118
neg1693.png 0 0 59 118
neg1694.png 0 0 59 118
neg1695.png 0 0 59 118
neg1696.png 0 0 59 118
neg1697.png 0 0 59 118
neg1698.png 0 0 59 118
neg1699.png 0 0 59 118
neg1700.png 0 0 59 118
neg1701.png 0 0 59 118
neg1702.png 0 0 59 118
neg1703.png 0 0 59 118
neg1704.png 0 0 59 118
neg1705.png 0 0 59 118
neg1706.png 0 0 59 118
neg1707.png 0 0 59 118
neg1708.png 0 0 59 118
neg1709.png 0 0 59 118
neg1710.png 0 0 59 118
neg1711.png 0 0 59 118
neg1712.png 0 0 59 118
neg1713.png 0 0 59 118
neg1714.png 0 0 59 118
neg1715.png 0 0 59 118
neg1716.png 0 0 59 118
neg1717.png 0 0 59 118
neg1718.png 0 0 59 118
neg1719.png 0 0 59 118
neg1720.png 0 0 59 118
neg1721.png 0 0 59 118
neg1722.png 0 0 59 118
neg1723.png 0 0 59 118
neg1724.png 0 0 59 118
neg1725.png 0 0 59 118
neg1726.png 0 0 59 118
neg1727.png 0 0 59 118
neg1728.png 0 0 59 118
neg1729.png 0 0 59 118
neg1730.png 0 0 59 118
neg1731.png 0 0 59 118
neg1732.png 0 0 59 118
neg1733.png 0 0 59 118
neg1734.png 0 0 59 118
neg1735.png 0 0 59 118
neg1736.png 0 0 59 118
neg1737.png 0 0 59 118
neg1738.png 0 0 59 118
neg1739.png 0 0 59 118
neg1740.png 0 0 59 118
neg1741.png 0 0 59 118
neg1742.png 0 0 59 118
neg1743.png 0 0 59 118
neg1744.png 0 0 59 118
neg1745.png 0 0 59 118
neg1746.png 0 0 59 118
neg1747.png 0 0 59 118
neg1748.png 0 0 59 118
neg1749.png 0 0 59 118
neg1750.png 0 0 59 118
neg1751.png 0 0 59 118
neg1752.png 0 0 59 118
neg1753.png 0 0 59 118
neg1754.png 0 0 59 118
neg1755.png 0 0 59 118
neg1756.png 0 0 59 118
neg1757.png 0 0 59 118
neg1758.png 0 0 59 118
neg1759.png 0 0 59 118
neg1760.png 0 0 59 118
neg1761.png 0 0 59 118
neg1762.png 0 0 59 118
neg1763.png 0 0 59 118
neg1764.png 0 0 59 118
neg1765.png 0 0 59 118
neg1766.png 0 0 59 118
neg1767.png 0 0 59 118
neg1768.png 0 0 59 118
neg1769.png 0 0 59 118
neg1770.png 0 0 59 118
neg1771.png 0 0 59 118
neg1772.png 0 0 59 118
neg1773.png 0 0 59 118
neg1774.png 0 0 59 118
neg1775.png 0 0 59 118
neg1776.png 0 0 59 118
neg1777.png 0 0 59 118
neg1778.png 0 0 59 118
neg1779.png 0 0 59 118
neg1780.png 0 0 59 118
neg1781.png 0 0 59 118
neg1782.png 0 0 59 118
neg1783.png 0 0 59 118
neg1784.png 0 0 59 118
neg1785.png 0 0 59 118
neg1786.png 0 0 59 118
neg1787.png 0 0 59 118
neg1788.png 0 0 59 118
neg1789.png 0 0 59 118
neg1790.png 0 0 59 118
neg1791.png 0 0 59 118
neg1792.png 0 0 59 118
neg1793.png 0 0 59 118
neg1794.png 0 0 59 118
neg1795.png 0 0 59 118
neg1796.png 0 0 59 118
neg1797.png 0 0 59 118
neg1798.png 0 0 59 118
neg1799.png 0 0 59 118
neg1800.png 0 0 59 118
neg1801.png 0 0 59 118
neg1802.png 0 0 59 118
neg1803.png 0 0 59 118
neg1804.png 0 0 59 118
neg1805.png 0 0 59 118
neg1806.png 0 0 59 118
neg1807.png 0 0 59 118
neg1808.png 0 0 59 118
neg1809.png 0 0 59 118
neg1810.png 0 0 59 118
neg1811.png 0 0 59 118
neg1812.png 0 0 59 118
neg1813.png 0 0 59 118
neg1814.png 0 0 59 118
neg1815.png 0 0 59 118
neg1816.png 0 0 59 118
neg1817.png 0 0 59 118
neg1818.png 0 0 59 118
neg1819.png 0 0 59 118
neg1820.png 0 0 59 118
neg1821.png 0 0 59 118
neg1822.png 0 0 59 118
neg1823.png 0 0 59 118
neg1824.png 0 0 59 118
neg1825.png 0 0 59 118
neg1826.png 0 0 59 118
neg1827.png 0 0 59 118
neg1828.png 0 0 59 118
neg1829.png 0 0 59 118
neg1830.png 0 0 59 118
neg1831.png 0 0 59 118
neg1832.png 0 0 59 118
neg1833.png 0 0 59 118
neg1834.png 0 0 59 118
neg1835.png 0 0 59 118
neg1836.png 0 0 59 118
neg1837.png 0 0 59 118
neg1838.png 0 0 59 118
neg1839.png 0 0 59 118
neg1840.png 0 0 59 118
neg1841.png 0 0 59 118
neg1842.png 0 0 59 118
neg1843.png 0 0 59 118
neg1844.png 0 0 59 118
neg1845.png 0 0 59 118
neg1846.png 0 0 59 118
neg1847.png 0 0 59 118
neg1848.png 0 0 59 118
neg1849.png 0 0 59 118
neg1850.png 0 0 59 118
neg1851.png 0 0 59 118
neg1852.png 0 0 59 118
neg1853.png 0 0 59 118
neg1854.png 0 0 59 118
neg1855.png 0 0 59 118
neg1856.png 0 0 59 118
neg1857.png 0 0 59 118
neg1858.png 0 0 59 118
neg1859.png 0 0 59 118
neg1860.png 0 0 59 118
neg1861.png 0 0 59 118
neg1862.png 0 0 59 118
neg1863.png 0 0 59 118
neg1864.png 0 0 59 118
neg1865.png 0 0 59 118
neg1866.png 0 0 59 118
neg1867.png 0 0 59 118
neg1868.png 0 0 59 118
neg1869.png 0 0 59 118
neg1870.png 0 0 59 118
neg1871.png 0 0 59 118
neg1872.png 0 0 59 118
neg1873.png 0 0 59 118
neg1874.png 0 0 59 118
neg1875.png 0 0 59 118
neg1876.png 0 0 59 118
neg1877.png 0 0 59 118
neg1878.png 0 0 59 118
neg1879.png 0 0 59 118
neg1880.png 0 0 59 118
neg1881.png 0 0 59 118
neg1882.png 0 0 59 118
neg1883.png 0 0 59 118
neg1884.png 0 0 59 118
neg1885.png 0 0 59 118
neg1886.png 0 0 59 118
neg1887.png 0 0 59 118
neg1888.png 0 0 59 118
neg1889.png 0 0 59 118
neg1890.png 0 0 59 118
neg1891.png 0 0 59 118
neg1892.png 0 0 59 118
neg1893.png 0 0 59 118
neg1894.png 0 0 59 118
neg1895.png 0 0 59 118
neg1896.png 0 0 59 118
neg1897.png 0 0 59 118
neg1898.png 0 0 59 118
neg1899.png 0 0 59 118
neg1900.png 0 0 59 118
neg1901.png 0 0 59 118
neg1902.png 0 0 59 118
neg1903.png 0 0 59 118
neg1904.png 0 0 59 118
neg1905.png 0 0 59 118
neg1906.png 0 0 59 118
neg1907.png 0 0 59 118
neg1908.png 0 0 59 118
neg1909.png 0 0 59 118
neg1910.png 0 0 59 118
neg1911.png 0 0 59 118
neg1912.png 0 0 59 118
neg1913.png 0 0 59 118
neg1914.png 0 0 59 118
neg1915.png 0 0 59 118
neg1916.png 0 0 59 118
neg1917.png 0 0 59 118
neg1918.png 0 0 59 118
neg1919.png 0 0 59 118
neg1920.png 0 0 59 118
neg1921.png 0 0 59 118
neg1922.png 0 0 59 118
neg1923.png 0 0 59 118
neg1924.png 0 0 59 118
neg1925.png 0 0 59 118
neg1926.png 0 0 59 118
neg1927.png 0 0 59 118
neg1928.png 0 0 59 118
neg1929.png 0 0 59 118
neg1930.png 0 0 59 118
neg1931.png 0 0 59 118
neg1932.png 0 0 59 118
neg1933.png 0 0 59 118
neg1934.png 0 0 59 118
neg1935.png 0 0 59 118
neg1936.png 0 0 59 118
neg1937.png 0 0 59 118
neg1938.png 0 0 59 118
neg1939.png 0 0 59 118
neg1940.png 0 0 59 118
neg1941.png 0 0 59 118
neg1942.png 0 0 59 118
neg1943.png 0 0 59 118
neg1944.png 0 0 59 118
neg1945.png 0 0 59 118
neg1946.png 0 0 59 118
neg1947.png 0 0 59 118
neg1948.png 0 0 59 118
neg1949.png 0 0 59 118
neg1950.png 0 0 59 118
neg1951.png 0 0 59 118
neg1952.png 0 0 59 118
neg1953.png 0 0 59 118
neg1954.png 0 0 59 118
neg1955.png 0 0 59 118
neg1956.png 0 0 59 118
neg1957.png 0 0 59 118
neg1958.png 0 0 59 118
neg1959.png 0 0 59 118
neg1960.png 0 0 59 118
neg1961.png 0 0 59 118
neg1962.png 0 0 59 118
neg1963.png 0 0 59 118
neg1964.png 0 0 59 118
neg1965.png 0 0 59 118
neg1966.png 0 0 59 118
neg1967.png 0 0 59 118
neg1968.png 0 0 59 118
neg1969.png 0 0 59 118
neg1970.png 0 0 59 118
neg1971.png 0 0 59 118
neg1972.png 0 0 59 118
neg1973.png 0 0 59 118
neg1974.png 0 0 59 118
neg1975.png 0 0 59 118
neg1976.png 0 0 59 118
neg1977.png 0 0 59 118
neg1978.png 0 0 59 118
neg1979.png 0 0 59 118
neg1980.png 0 0 59 118
neg1981.png 0 0 59 118
neg1982.png 0 0 59 118
neg1983.png 0 0 59 118
neg1984.png 0 0 59 118
neg1985.png 0 0 59 118
neg1986.png 0 0 59 118
neg1987.png 0 0 59 118
neg1988.png 0 0 59 118
neg1989.png 0 0 59 118
neg1990.png 0 0 59 118
neg1991.png 0 0 59 118
neg1992.png 0 0 59 118
neg1993.png 0 0 59 118
neg1994.png 0 0 59 118
neg1995.png 0 0 59 118
neg1996.png 0 0 59 118
neg1997.png 0 0 59 118
neg1998.png 0 0 59 118
neg1999.png 0 0 59 118
neg2000.png 0 0 59 118
neg2001.png 0 0 59 118
neg2002.png 0 0 59 118
neg2003.png 0 0 59 118
neg2004.png 0 0 59 118
neg2005.png 0 0 59 118
neg2006.png 0 0 59 118
neg2007.png 0 0 59 118
neg2008.png 0 0 59 118
neg2009.png 0 0 59 118
neg2010.png 0 0 59 118
neg2011.png 0 0 59 118
neg2012.png 0 0 59 118
neg2013.png 0 0 59 118
neg2014.png 0 0 59 118
neg2015.png 0 0 59 118
neg2016.png 0 0 59 118
neg2017.png 0 0 59 118
neg2018.png 0 0 59 118
neg2019.png 0 0 59 118
neg2020.png 0 0 59 118
neg2021.png 0 0 59 118
neg2022.png 0 0 59 118
neg2023.png 0 0 59 118
neg2024.png 0 0 59 118
neg2025.png 0 0 59 118
neg2026.png 0 0 59 118
neg2027.png 0 0 59 118
neg2028.png 0 0 59 118
neg2029.png 0 0 59 118
neg2030.png 0 0 59 118
neg2031.png 0 0 59 118
neg2032.png 0 0 59 118
neg2033.png 0 0 59 118
neg2034.png 0 0 59 118
neg2035.png 0 0 59 118
neg2036.png 0 0 59 118
neg2037.png 0 0 59 118
neg2038.png 0 0 59 118
neg2039.png 0 0 59 118
neg2040.png 0 0 59 118
neg2041.png 0 0 59 118
neg2042.png 0 0 59 118
neg2043.png 0 0 59 118
neg2044.png 0 0 59 118
neg2045.png 0 0 59 118
neg2046.png 0 0 59 118
neg2047.png 0 0 59 118
neg2048.png 0 0 59 118
neg2049.png 0 0 59 118
neg2050.png 0 0 59 118
neg2051.png 0 0 59 118
neg2052.png 0 0 59 118
neg2053.png 0 0 59 118
neg2054.png 0 0 59 118
