2054 1
pos0001.png 0 0 66 152 33 76
pos0002.png 0 0 44 121 22 61
pos0003.png 0 0 34 128 17 64
pos0004.png 0 0 43 177 22 89
pos0005.png 0 0 66 82 33 41
pos0006.png 0 0 89 154 45 77
pos0007.png 0 0 80 160 40 80
pos0008.png 0 0 46 95 23 48
pos0009.png 0 0 86 140 43 70
pos0010.png 0 0 54 152 27 76
pos0011.png 0 0 83 189 42 95
pos0012.png 0 0 60 105 30 53
pos0013.png 0 0 96 232 48 116
pos0014.png 0 0 72 146 36 73
pos0015.png 0 0 46 121 23 61
pos0016.png 0 0 49 128 25 64
pos0017.png 0 0 43 177 22 89
pos0018.png 0 0 66 75 33 38
pos0019.png 0 0 76 138 38 69
pos0020.png 0 0 72 160 36 80
pos0021.png 0 0 53 95 27 48
pos0022.png 0 0 83 137 42 69
pos0023.png 0 0 54 158 27 79
pos0024.png 0 0 86 196 43 98
pos0025.png 0 0 63 115 32 58
pos0026.png 0 0 73 215 37 108
pos0027.png 0 0 72 152 36 76
pos0028.png 0 0 40 125 20 63
pos0029.png 0 0 66 128 33 64
pos0030.png 0 0 57 173 29 87
pos0031.png 0 0 56 82 28 41
pos0032.png 0 0 121 138 61 69
pos0033.png 0 0 72 144 36 72
pos0034.png 0 0 50 98 25 49
pos0035.png 0 0 82 131 41 66
pos0036.png 0 0 54 146 27 73
pos0037.png 0 0 76 196 38 98
pos0038.png 0 0 93 121 47 61
pos0039.png 0 0 89 232 45 116
pos0040.png 0 0 66 158 33 79
pos0041.png 0 0 40 118 20 59
pos0042.png 0 0 43 128 22 64
pos0043.png 0 0 72 173 36 87
pos0044.png 0 0 66 79 33 40
pos0045.png 0 0 93 138 47 69
pos0046.png 0 0 72 152 36 76
pos0047.png 0 0 47 92 24 46
pos0048.png 0 0 99 138 50 69
pos0049.png 0 0 62 146 31 73
pos0050.png 0 0 79 193 40 97
pos0051.png 0 0 99 124 50 62
pos0052.png 0 0 105 232 53 116
pos0053.png 0 0 66 152 33 76
pos0054.png 0 0 53 118 27 59
pos0055.png 0 0 34 128 17 64
pos0056.png 0 0 79 173 40 87
pos0057.png 0 0 80 164 40 82
pos0058.png 0 0 101 147 51 74
pos0059.png 0 0 72 158 36 79
pos0060.png 0 0 47 89 24 45
pos0061.png 0 0 82 141 41 71
pos0062.png 0 0 60 146 30 73
pos0063.png 0 0 96 209 48 105
pos0064.png 0 0 69 124 35 62
pos0065.png 0 0 118 235 59 118
pos0066.png 0 0 66 146 33 73
pos0067.png 0 0 47 118 24 59
pos0068.png 0 0 56 128 28 64
pos0069.png 0 0 72 180 36 90
pos0070.png 0 0 66 82 33 41
pos0071.png 0 0 89 144 45 72
pos0072.png 0 0 80 152 40 76
pos0073.png 0 0 86 184 43 92
pos0074.png 0 0 72 141 36 71
pos0075.png 0 0 54 152 27 76
pos0076.png 0 0 95 200 48 100
pos0077.png 0 0 59 127 30 64
pos0078.png 0 0 102 238 51 119
pos0079.png 0 0 66 158 33 79
pos0080.png 0 0 68 224 34 112
pos0081.png 0 0 37 124 19 62
pos0082.png 0 0 40 171 20 86
pos0083.png 0 0 62 178 31 89
pos0084.png 0 0 99 144 50 72
pos0085.png 0 0 74 144 37 72
pos0086.png 0 0 47 92 24 46
pos0087.png 0 0 57 137 29 69
pos0088.png 0 0 54 144 27 72
pos0089.png 0 0 76 196 38 98
pos0090.png 0 0 47 127 24 64
pos0091.png 0 0 98 249 49 125
pos0092.png 0 0 72 158 36 79
pos0093.png 0 0 43 118 22 59
pos0094.png 0 0 36 125 18 63
pos0095.png 0 0 79 174 40 87
pos0096.png 0 0 74 164 37 82
pos0097.png 0 0 79 141 40 71
pos0098.png 0 0 86 152 43 76
pos0099.png 0 0 56 92 28 46
pos0100.png 0 0 56 141 28 71
pos0101.png 0 0 54 144 27 72
pos0102.png 0 0 96 190 48 95
pos0103.png 0 0 73 124 37 62
pos0104.png 0 0 102 248 51 124
pos0105.png 0 0 66 158 33 79
pos0106.png 0 0 40 118 20 59
pos0107.png 0 0 44 118 22 59
pos0108.png 0 0 93 173 47 87
pos0109.png 0 0 63 82 32 41
pos0110.png 0 0 108 147 54 74
pos0111.png 0 0 100 152 50 76
pos0112.png 0 0 54 92 27 46
pos0113.png 0 0 50 134 25 67
pos0114.png 0 0 54 150 27 75
pos0115.png 0 0 109 193 55 97
pos0116.png 0 0 62 125 31 63
pos0117.png 0 0 105 238 53 119
pos0118.png 0 0 72 158 36 79
pos0119.png 0 0 40 112 20 56
pos0120.png 0 0 50 109 25 55
pos0121.png 0 0 56 177 28 89
pos0122.png 0 0 72 158 36 79
pos0123.png 0 0 73 148 37 74
pos0124.png 0 0 94 144 47 72
pos0125.png 0 0 50 96 25 48
pos0126.png 0 0 53 141 27 71
pos0127.png 0 0 48 152 24 76
pos0128.png 0 0 69 196 35 98
pos0129.png 0 0 66 121 33 61
pos0130.png 0 0 111 232 56 116
pos0131.png 0 0 72 152 36 76
pos0132.png 0 0 43 112 22 56
pos0133.png 0 0 60 105 30 53
pos0134.png 0 0 89 170 45 85
pos0135.png 0 0 62 138 31 69
pos0136.png 0 0 93 144 47 72
pos0137.png 0 0 80 146 40 73
pos0138.png 0 0 80 184 40 92
pos0139.png 0 0 62 131 31 66
pos0140.png 0 0 54 146 27 73
pos0141.png 0 0 85 197 43 99
pos0142.png 0 0 63 124 32 62
pos0143.png 0 0 115 248 58 124
pos0144.png 0 0 72 152 36 76
pos0145.png 0 0 66 216 33 108
pos0146.png 0 0 46 101 23 51
pos0147.png 0 0 95 177 48 89
pos0148.png 0 0 92 152 46 76
pos0149.png 0 0 60 145 30 73
pos0150.png 0 0 74 146 37 73
pos0151.png 0 0 47 96 24 48
pos0152.png 0 0 56 124 28 62
pos0153.png 0 0 54 144 27 72
pos0154.png 0 0 95 193 48 97
pos0155.png 0 0 49 124 25 62
pos0156.png 0 0 128 248 64 124
pos0157.png 0 0 72 158 36 79
pos0158.png 0 0 40 109 20 55
pos0159.png 0 0 50 105 25 53
pos0160.png 0 0 53 173 27 87
pos0161.png 0 0 60 158 30 79
pos0162.png 0 0 79 138 40 69
pos0163.png 0 0 80 152 40 76
pos0164.png 0 0 66 95 33 48
pos0165.png 0 0 66 135 33 68
pos0166.png 0 0 54 152 27 76
pos0167.png 0 0 88 202 44 101
pos0168.png 0 0 59 118 30 59
pos0169.png 0 0 125 245 63 123
pos0170.png 0 0 80 152 40 76
pos0171.png 0 0 40 108 20 54
pos0172.png 0 0 66 102 33 51
pos0173.png 0 0 102 174 51 87
pos0174.png 0 0 80 150 40 75
pos0175.png 0 0 53 138 27 69
pos0176.png 0 0 74 152 37 76
pos0177.png 0 0 74 176 37 88
pos0178.png 0 0 57 124 29 62
pos0179.png 0 0 68 146 34 73
pos0180.png 0 0 89 206 45 103
pos0181.png 0 0 50 115 25 58
pos0182.png 0 0 115 255 58 128
pos0183.png 0 0 72 164 36 82
pos0184.png 0 0 68 210 34 105
pos0185.png 0 0 74 198 37 99
pos0186.png 0 0 73 174 37 87
pos0187.png 0 0 74 178 37 89
pos0188.png 0 0 53 128 27 64
pos0189.png 0 0 72 146 36 73
pos0190.png 0 0 66 86 33 43
pos0191.png 0 0 76 124 38 62
pos0192.png 0 0 86 126 43 63
pos0193.png 0 0 76 196 38 98
pos0194.png 0 0 50 118 25 59
pos0195.png 0 0 112 264 56 132
pos0196.png 0 0 72 158 36 79
pos0197.png 0 0 40 112 20 56
pos0198.png 0 0 53 88 27 44
pos0199.png 0 0 66 187 33 94
pos0200.png 0 0 46 89 23 45
pos0201.png 0 0 47 134 24 67
pos0202.png 0 0 66 146 33 73
pos0203.png 0 0 47 98 24 49
pos0204.png 0 0 79 125 40 63
pos0205.png 0 0 94 120 47 60
pos0206.png 0 0 82 203 41 102
pos0207.png 0 0 37 118 19 59
pos0208.png 0 0 118 265 59 133
pos0209.png 0 0 80 158 40 79
pos0210.png 0 0 72 204 36 102
pos0211.png 0 0 66 184 33 92
pos0212.png 0 0 83 183 42 92
pos0213.png 0 0 60 184 30 92
pos0214.png 0 0 47 122 24 61
pos0215.png 0 0 66 152 33 76
pos0216.png 0 0 74 184 37 92
pos0217.png 0 0 62 115 31 58
pos0218.png 0 0 74 132 37 66
pos0219.png 0 0 73 196 37 98
pos0220.png 0 0 59 118 30 59
pos0221.png 0 0 128 261 64 131
pos0222.png 0 0 72 152 36 76
pos0223.png 0 0 43 105 22 53
pos0224.png 0 0 80 178 40 89
pos0225.png 0 0 63 177 32 89
pos0226.png 0 0 72 184 36 92
pos0227.png 0 0 43 121 22 61
pos0228.png 0 0 66 146 33 73
pos0229.png 0 0 53 96 27 48
pos0230.png 0 0 62 121 31 61
pos0231.png 0 0 66 126 33 63
pos0232.png 0 0 70 199 35 100
pos0233.png 0 0 50 115 25 58
pos0234.png 0 0 124 255 62 128
pos0235.png 0 0 72 158 36 79
pos0236.png 0 0 74 204 37 102
pos0237.png 0 0 47 92 24 46
pos0238.png 0 0 69 174 35 87
pos0239.png 0 0 80 184 40 92
pos0240.png 0 0 47 122 24 61
pos0241.png 0 0 74 146 37 73
pos0242.png 0 0 66 102 33 51
pos0243.png 0 0 63 121 32 61
pos0244.png 0 0 62 146 31 73
pos0245.png 0 0 82 186 41 93
pos0246.png 0 0 47 122 24 61
pos0247.png 0 0 121 268 61 134
pos0248.png 0 0 74 158 37 79
pos0249.png 0 0 47 105 24 53
pos0250.png 0 0 94 164 47 82
pos0251.png 0 0 66 180 33 90
pos0252.png 0 0 62 178 31 89
pos0253.png 0 0 47 122 24 61
pos0254.png 0 0 80 146 40 73
pos0255.png 0 0 53 92 27 46
pos0256.png 0 0 49 109 25 55
pos0257.png 0 0 80 132 40 66
pos0258.png 0 0 75 192 38 96
pos0259.png 0 0 53 111 27 56
pos0260.png 0 0 138 268 69 134
pos0261.png 0 0 74 158 37 79
pos0262.png 0 0 74 190 37 95
pos0263.png 0 0 80 158 40 79
pos0264.png 0 0 79 180 40 90
pos0265.png 0 0 72 172 36 86
pos0266.png 0 0 60 115 30 58
pos0267.png 0 0 86 146 43 73
pos0268.png 0 0 60 196 30 98
pos0269.png 0 0 59 125 30 63
pos0270.png 0 0 60 126 30 63
pos0271.png 0 0 79 189 40 95
pos0272.png 0 0 62 105 31 53
pos0273.png 0 0 144 264 72 132
pos0274.png 0 0 60 158 30 79
pos0275.png 0 0 74 198 37 99
pos0276.png 0 0 94 158 47 79
pos0277.png 0 0 86 176 43 88
pos0278.png 0 0 80 190 40 95
pos0279.png 0 0 79 108 40 54
pos0280.png 0 0 88 140 44 70
pos0281.png 0 0 53 99 27 50
pos0282.png 0 0 70 115 35 58
pos0283.png 0 0 86 138 43 69
pos0284.png 0 0 56 179 28 90
pos0285.png 0 0 66 105 33 53
pos0286.png 0 0 125 261 63 131
pos0287.png 0 0 74 158 37 79
pos0288.png 0 0 57 92 29 46
pos0289.png 0 0 94 146 47 73
pos0290.png 0 0 86 170 43 85
pos0291.png 0 0 74 170 37 85
pos0292.png 0 0 69 105 35 53
pos0293.png 0 0 100 140 50 70
pos0294.png 0 0 44 92 22 46
pos0295.png 0 0 46 112 23 56
pos0296.png 0 0 74 138 37 69
pos0297.png 0 0 83 183 42 92
pos0298.png 0 0 57 108 29 54
pos0299.png 0 0 125 268 63 134
pos0300.png 0 0 94 152 47 76
pos0301.png 0 0 57 89 29 45
pos0302.png 0 0 100 152 50 76
pos0303.png 0 0 79 173 40 87
pos0304.png 0 0 68 178 34 89
pos0305.png 0 0 40 115 20 58
pos0306.png 0 0 92 152 46 76
pos0307.png 0 0 68 196 34 98
pos0308.png 0 0 56 122 28 61
pos0309.png 0 0 68 140 34 70
pos0310.png 0 0 79 177 40 89
pos0311.png 0 0 57 102 29 51
pos0312.png 0 0 121 271 61 136
pos0313.png 0 0 80 158 40 79
pos0314.png 0 0 68 204 34 102
pos0315.png 0 0 53 76 27 38
pos0316.png 0 0 73 173 37 87
pos0317.png 0 0 47 86 24 43
pos0318.png 0 0 60 118 30 59
pos0319.png 0 0 86 152 43 76
pos0320.png 0 0 74 196 37 98
pos0321.png 0 0 57 119 29 60
pos0322.png 0 0 74 132 37 66
pos0323.png 0 0 82 186 41 93
pos0324.png 0 0 44 108 22 54
pos0325.png 0 0 124 281 62 141
pos0326.png 0 0 74 160 37 80
pos0327.png 0 0 40 102 20 51
pos0328.png 0 0 100 146 50 73
pos0329.png 0 0 76 164 38 82
pos0330.png 0 0 80 164 40 82
pos0331.png 0 0 49 115 25 58
pos0332.png 0 0 74 158 37 79
pos0333.png 0 0 40 101 20 51
pos0334.png 0 0 40 111 20 56
pos0335.png 0 0 62 118 31 59
pos0336.png 0 0 73 177 37 89
pos0337.png 0 0 72 102 36 51
pos0338.png 0 0 121 277 61 139
pos0339.png 0 0 72 158 36 79
pos0340.png 0 0 59 99 30 50
pos0341.png 0 0 80 164 40 82
pos0342.png 0 0 89 157 45 79
pos0343.png 0 0 82 164 41 82
pos0344.png 0 0 40 112 20 56
pos0345.png 0 0 74 138 37 69
pos0346.png 0 0 46 198 23 99
pos0347.png 0 0 53 119 27 60
pos0348.png 0 0 48 140 24 70
pos0349.png 0 0 89 177 45 89
pos0350.png 0 0 43 101 22 51
pos0351.png 0 0 118 277 59 139
pos0352.png 0 0 100 158 50 79
pos0353.png 0 0 43 98 22 49
pos0354.png 0 0 80 158 40 79
pos0355.png 0 0 89 141 45 71
pos0356.png 0 0 68 164 34 82
pos0357.png 0 0 63 112 32 56
pos0358.png 0 0 74 152 37 76
pos0359.png 0 0 60 204 30 102
pos0360.png 0 0 66 115 33 58
pos0361.png 0 0 68 138 34 69
pos0362.png 0 0 72 180 36 90
pos0363.png 0 0 47 102 24 51
pos0364.png 0 0 121 271 61 136
pos0365.png 0 0 92 158 46 79
pos0366.png 0 0 68 204 34 102
pos0367.png 0 0 82 152 41 76
pos0368.png 0 0 89 125 45 63
pos0369.png 0 0 62 178 31 89
pos0370.png 0 0 62 112 31 56
pos0371.png 0 0 66 164 33 82
pos0372.png 0 0 44 102 22 51
pos0373.png 0 0 53 108 27 54
pos0374.png 0 0 80 120 40 60
pos0375.png 0 0 76 183 38 92
pos0376.png 0 0 43 105 22 53
pos0377.png 0 0 115 274 58 137
pos0378.png 0 0 80 152 40 76
pos0379.png 0 0 43 99 22 50
pos0380.png 0 0 82 158 41 79
pos0381.png 0 0 118 134 59 67
pos0382.png 0 0 68 164 34 82
pos0383.png 0 0 66 216 33 108
pos0384.png 0 0 74 152 37 76
pos0385.png 0 0 80 190 40 95
pos0386.png 0 0 49 115 25 58
pos0387.png 0 0 68 120 34 60
pos0388.png 0 0 56 170 28 85
pos0389.png 0 0 50 99 25 50
pos0390.png 0 0 121 274 61 137
pos0391.png 0 0 88 158 44 79
pos0392.png 0 0 54 204 27 102
pos0393.png 0 0 82 158 41 79
pos0394.png 0 0 112 135 56 68
pos0395.png 0 0 54 178 27 89
pos0396.png 0 0 63 118 32 59
pos0397.png 0 0 80 146 40 73
pos0398.png 0 0 60 190 30 95
pos0399.png 0 0 56 115 28 58
pos0400.png 0 0 80 132 40 66
pos0401.png 0 0 99 164 50 82
pos0402.png 0 0 40 102 20 51
pos0403.png 0 0 125 274 63 137
pos0404.png 0 0 50 80 25 40
pos0405.png 0 0 74 210 37 105
pos0406.png 0 0 56 75 28 38
pos0407.png 0 0 79 134 40 67
pos0408.png 0 0 54 178 27 89
pos0409.png 0 0 66 224 33 112
pos0410.png 0 0 80 140 40 70
pos0411.png 0 0 60 196 30 98
pos0412.png 0 0 46 108 23 54
pos0413.png 0 0 114 112 57 56
pos0414.png 0 0 102 167 51 84
pos0415.png 0 0 80 184 40 92
pos0416.png 0 0 122 274 61 137
pos0417.png 0 0 88 160 44 80
pos0418.png 0 0 43 95 22 48
pos0419.png 0 0 59 69 30 35
pos0420.png 0 0 82 138 41 69
pos0421.png 0 0 86 164 43 82
pos0422.png 0 0 70 111 35 56
pos0423.png 0 0 92 140 46 70
pos0424.png 0 0 80 190 40 95
pos0425.png 0 0 46 115 23 58
pos0426.png 0 0 86 118 43 59
pos0427.png 0 0 79 171 40 86
pos0428.png 0 0 94 170 47 85
pos0429.png 0 0 122 271 61 136
pos0430.png 0 0 88 166 44 83
pos0431.png 0 0 47 89 24 45
pos0432.png 0 0 66 73 33 37
pos0433.png 0 0 92 145 46 73
pos0434.png 0 0 74 164 37 82
pos0435.png 0 0 37 111 19 56
pos0436.png 0 0 86 140 43 70
pos0437.png 0 0 72 196 36 98
pos0438.png 0 0 59 112 30 56
pos0439.png 0 0 80 106 40 53
pos0440.png 0 0 92 170 46 85
pos0441.png 0 0 50 92 25 46
pos0442.png 0 0 122 277 61 139
pos0443.png 0 0 80 166 40 83
pos0444.png 0 0 60 83 30 42
pos0445.png 0 0 60 79 30 40
pos0446.png 0 0 49 137 25 69
pos0447.png 0 0 42 178 21 89
pos0448.png 0 0 70 109 35 55
pos0449.png 0 0 92 146 46 73
pos0450.png 0 0 66 184 33 92
pos0451.png 0 0 44 111 22 56
pos0452.png 0 0 80 132 40 66
pos0453.png 0 0 134 161 67 81
pos0454.png 0 0 47 92 24 46
pos0455.png 0 0 118 277 59 139
pos0456.png 0 0 80 172 40 86
pos0457.png 0 0 73 86 37 43
pos0458.png 0 0 56 75 28 38
pos0459.png 0 0 83 125 42 63
pos0460.png 0 0 80 170 40 85
pos0461.png 0 0 44 108 22 54
pos0462.png 0 0 86 146 43 73
pos0463.png 0 0 80 158 40 79
pos0464.png 0 0 50 114 25 57
pos0465.png 0 0 74 112 37 56
pos0466.png 0 0 114 148 57 74
pos0467.png 0 0 63 95 32 48
pos0468.png 0 0 122 275 61 138
pos0469.png 0 0 94 166 47 83
pos0470.png 0 0 53 86 27 43
pos0471.png 0 0 80 82 40 41
pos0472.png 0 0 82 128 41 64
pos0473.png 0 0 74 170 37 85
pos0474.png 0 0 69 111 35 56
pos0475.png 0 0 80 152 40 76
pos0476.png 0 0 66 184 33 92
pos0477.png 0 0 63 111 32 56
pos0478.png 0 0 80 126 40 63
pos0479.png 0 0 102 154 51 77
pos0480.png 0 0 60 108 30 54
pos0481.png 0 0 118 271 59 136
pos0482.png 0 0 100 158 50 79
pos0483.png 0 0 56 95 28 48
pos0484.png 0 0 86 164 43 82
pos0485.png 0 0 54 132 27 66
pos0486.png 0 0 54 178 27 89
pos0487.png 0 0 40 114 20 57
pos0488.png 0 0 72 152 36 76
pos0489.png 0 0 66 178 33 89
pos0490.png 0 0 53 112 27 56
pos0491.png 0 0 88 126 44 63
pos0492.png 0 0 131 164 66 82
pos0493.png 0 0 56 115 28 58
pos0494.png 0 0 118 281 59 141
pos0495.png 0 0 53 76 27 38
pos0496.png 0 0 56 92 28 46
pos0497.png 0 0 69 79 35 40
pos0498.png 0 0 82 141 41 71
pos0499.png 0 0 86 176 43 88
pos0500.png 0 0 73 118 37 59
pos0501.png 0 0 74 158 37 79
pos0502.png 0 0 80 178 40 89
pos0503.png 0 0 53 121 27 61
pos0504.png 0 0 86 118 43 59
pos0505.png 0 0 121 154 61 77
pos0506.png 0 0 69 118 35 59
pos0507.png 0 0 105 274 53 137
pos0508.png 0 0 74 158 37 79
pos0509.png 0 0 53 99 27 50
pos0510.png 0 0 66 192 33 96
pos0511.png 0 0 60 134 30 67
pos0512.png 0 0 80 176 40 88
pos0513.png 0 0 40 111 20 56
pos0514.png 0 0 74 158 37 79
pos0515.png 0 0 43 95 22 48
pos0516.png 0 0 47 121 24 61
pos0517.png 0 0 40 132 20 66
pos0518.png 0 0 98 153 49 77
pos0519.png 0 0 85 121 43 61
pos0520.png 0 0 99 274 50 137
pos0521.png 0 0 68 166 34 83
pos0522.png 0 0 56 108 28 54
pos0523.png 0 0 53 83 27 42
pos0524.png 0 0 56 135 28 68
pos0525.png 0 0 54 184 27 92
pos0526.png 0 0 70 121 35 61
pos0527.png 0 0 86 164 43 82
pos0528.png 0 0 80 184 40 92
pos0529.png 0 0 40 122 20 61
pos0530.png 0 0 86 144 43 72
pos0531.png 0 0 119 150 60 75
pos0532.png 0 0 73 111 37 56
pos0533.png 0 0 86 261 43 131
pos0534.png 0 0 94 158 47 79
pos0535.png 0 0 53 99 27 50
pos0536.png 0 0 100 146 50 73
pos0537.png 0 0 49 134 25 67
pos0538.png 0 0 80 178 40 89
pos0539.png 0 0 43 118 22 59
pos0540.png 0 0 74 158 37 79
pos0541.png 0 0 66 184 33 92
pos0542.png 0 0 63 131 32 66
pos0543.png 0 0 56 120 28 60
pos0544.png 0 0 75 144 38 72
pos0545.png 0 0 76 115 38 58
pos0546.png 0 0 82 248 41 124
pos0547.png 0 0 86 164 43 82
pos0548.png 0 0 73 114 37 57
pos0549.png 0 0 69 89 35 45
pos0550.png 0 0 47 95 24 48
pos0551.png 0 0 60 184 30 92
pos0552.png 0 0 80 134 40 67
pos0553.png 0 0 80 158 40 79
pos0554.png 0 0 46 190 23 95
pos0555.png 0 0 49 131 25 66
pos0556.png 0 0 86 158 43 79
pos0557.png 0 0 86 124 43 62
pos0558.png 0 0 102 131 51 66
pos0559.png 0 0 88 267 44 134
pos0560.png 0 0 74 172 37 86
pos0561.png 0 0 60 114 30 57
pos0562.png 0 0 53 85 27 43
pos0563.png 0 0 40 128 20 64
pos0564.png 0 0 66 184 33 92
pos0565.png 0 0 57 128 29 64
pos0566.png 0 0 88 138 44 69
pos0567.png 0 0 60 190 30 95
pos0568.png 0 0 60 145 30 73
pos0569.png 0 0 68 150 34 75
pos0570.png 0 0 92 118 46 59
pos0571.png 0 0 79 131 40 66
pos0572.png 0 0 105 262 53 131
pos0573.png 0 0 66 164 33 82
pos0574.png 0 0 53 118 27 59
pos0575.png 0 0 63 92 32 46
pos0576.png 0 0 59 138 30 69
pos0577.png 0 0 50 92 25 46
pos0578.png 0 0 73 137 37 69
pos0579.png 0 0 92 152 46 76
pos0580.png 0 0 86 170 43 85
pos0581.png 0 0 50 138 25 69
pos0582.png 0 0 94 158 47 79
pos0583.png 0 0 121 118 61 59
pos0584.png 0 0 102 138 51 69
pos0585.png 0 0 111 254 56 127
pos0586.png 0 0 92 158 46 79
pos0587.png 0 0 63 128 32 64
pos0588.png 0 0 92 164 46 82
pos0589.png 0 0 36 128 18 64
pos0590.png 0 0 60 184 30 92
pos0591.png 0 0 59 135 30 68
pos0592.png 0 0 92 158 46 79
pos0593.png 0 0 86 176 43 88
pos0594.png 0 0 57 150 29 75
pos0595.png 0 0 86 138 43 69
pos0596.png 0 0 86 127 43 64
pos0597.png 0 0 79 148 40 74
pos0598.png 0 0 79 248 40 124
pos0599.png 0 0 86 160 43 80
pos0600.png 0 0 53 131 27 66
pos0601.png 0 0 60 92 30 46
pos0602.png 0 0 63 128 32 64
pos0603.png 0 0 80 190 40 95
pos0604.png 0 0 85 144 43 72
pos0605.png 0 0 94 158 47 79
pos0606.png 0 0 60 176 30 88
pos0607.png 0 0 76 148 38 74
pos0608.png 0 0 88 150 44 75
pos0609.png 0 0 79 135 40 68
pos0610.png 0 0 63 145 32 73
pos0611.png 0 0 102 241 51 121
pos0612.png 0 0 86 158 43 79
pos0613.png 0 0 76 128 38 64
pos0614.png 0 0 50 95 25 48
pos0615.png 0 0 69 125 35 63
pos0616.png 0 0 50 95 25 48
pos0617.png 0 0 63 148 32 74
pos0618.png 0 0 88 158 44 79
pos0619.png 0 0 60 176 30 88
pos0620.png 0 0 53 154 27 77
pos0621.png 0 0 92 152 46 76
pos0622.png 0 0 79 144 40 72
pos0623.png 0 0 79 158 40 79
pos0624.png 0 0 154 245 77 123
pos0625.png 0 0 53 80 27 40
pos0626.png 0 0 76 135 38 68
pos0627.png 0 0 46 89 23 45
pos0628.png 0 0 53 144 27 72
pos0629.png 0 0 54 190 27 95
pos0630.png 0 0 63 148 32 74
pos0631.png 0 0 80 164 40 82
pos0632.png 0 0 53 89 27 45
pos0633.png 0 0 76 154 38 77
pos0634.png 0 0 92 158 46 79
pos0635.png 0 0 73 147 37 74
pos0636.png 0 0 72 154 36 77
pos0637.png 0 0 137 241 69 121
pos0638.png 0 0 94 160 47 80
pos0639.png 0 0 53 144 27 72
pos0640.png 0 0 94 170 47 85
pos0641.png 0 0 69 119 35 60
pos0642.png 0 0 50 95 25 48
pos0643.png 0 0 79 147 40 74
pos0644.png 0 0 86 146 43 73
pos0645.png 0 0 44 92 22 46
pos0646.png 0 0 59 151 30 76
pos0647.png 0 0 60 76 30 38
pos0648.png 0 0 79 138 40 69
pos0649.png 0 0 76 167 38 84
pos0650.png 0 0 89 255 45 128
pos0651.png 0 0 47 86 24 43
pos0652.png 0 0 47 135 24 68
pos0653.png 0 0 80 178 40 89
pos0654.png 0 0 46 128 23 64
pos0655.png 0 0 49 98 25 49
pos0656.png 0 0 56 157 28 79
pos0657.png 0 0 74 152 37 76
pos0658.png 0 0 42 172 21 86
pos0659.png 0 0 56 154 28 77
pos0660.png 0 0 68 146 34 73
pos0661.png 0 0 83 128 42 64
pos0662.png 0 0 59 167 30 84
pos0663.png 0 0 125 267 63 134
pos0664.png 0 0 50 82 25 41
pos0665.png 0 0 73 141 37 71
pos0666.png 0 0 74 164 37 82
pos0667.png 0 0 43 111 22 56
pos0668.png 0 0 40 190 20 95
pos0669.png 0 0 66 164 33 82
pos0670.png 0 0 80 146 40 73
pos0671.png 0 0 46 89 23 45
pos0672.png 0 0 92 154 46 77
pos0673.png 0 0 72 158 36 79
pos0674.png 0 0 56 137 28 69
pos0675.png 0 0 76 180 38 90
pos0676.png 0 0 125 257 63 129
pos0677.png 0 0 47 86 24 43
pos0678.png 0 0 66 128 33 64
pos0679.png 0 0 80 158 40 79
pos0680.png 0 0 47 112 24 56
pos0681.png 0 0 53 92 27 46
pos0682.png 0 0 60 167 30 84
pos0683.png 0 0 88 158 44 79
pos0684.png 0 0 94 166 47 83
pos0685.png 0 0 76 151 38 76
pos0686.png 0 0 72 132 36 66
pos0687.png 0 0 63 125 32 63
pos0688.png 0 0 66 170 33 85
pos0689.png 0 0 85 255 43 128
pos0690.png 0 0 53 89 27 45
pos0691.png 0 0 69 141 35 71
pos0692.png 0 0 46 95 23 48
pos0693.png 0 0 49 118 25 59
pos0694.png 0 0 80 184 40 92
pos0695.png 0 0 63 180 32 90
pos0696.png 0 0 54 76 27 38
pos0697.png 0 0 60 178 30 89
pos0698.png 0 0 43 160 22 80
pos0699.png 0 0 80 138 40 69
pos0700.png 0 0 53 127 27 64
pos0701.png 0 0 66 177 33 89
pos0702.png 0 0 105 248 53 124
pos0703.png 0 0 86 172 43 86
pos0704.png 0 0 50 118 25 59
pos0705.png 0 0 66 190 33 95
pos0706.png 0 0 60 115 30 58
pos0707.png 0 0 54 190 27 95
pos0708.png 0 0 89 183 45 92
pos0709.png 0 0 100 152 50 76
pos0710.png 0 0 86 184 43 92
pos0711.png 0 0 72 154 36 77
pos0712.png 0 0 98 138 49 69
pos0713.png 0 0 66 134 33 67
pos0714.png 0 0 53 180 27 90
pos0715.png 0 0 105 241 53 121
pos0716.png 0 0 47 92 24 46
pos0717.png 0 0 72 144 36 72
pos0718.png 0 0 46 89 23 45
pos0719.png 0 0 79 109 40 55
pos0720.png 0 0 50 98 25 49
pos0721.png 0 0 79 183 40 92
pos0722.png 0 0 94 152 47 76
pos0723.png 0 0 50 89 25 45
pos0724.png 0 0 73 131 37 66
pos0725.png 0 0 94 138 47 69
pos0726.png 0 0 60 131 30 66
pos0727.png 0 0 60 183 30 92
pos0728.png 0 0 83 271 42 136
pos0729.png 0 0 68 184 34 92
pos0730.png 0 0 63 127 32 64
pos0731.png 0 0 66 89 33 45
pos0732.png 0 0 63 115 32 58
pos0733.png 0 0 80 190 40 95
pos0734.png 0 0 76 193 38 97
pos0735.png 0 0 94 164 47 82
pos0736.png 0 0 86 170 43 85
pos0737.png 0 0 76 134 38 67
pos0738.png 0 0 66 144 33 72
pos0739.png 0 0 63 131 32 66
pos0740.png 0 0 80 164 40 82
pos0741.png 0 0 112 275 56 138
pos0742.png 0 0 74 184 37 92
pos0743.png 0 0 60 151 30 76
pos0744.png 0 0 100 144 50 72
pos0745.png 0 0 82 105 41 53
pos0746.png 0 0 74 190 37 95
pos0747.png 0 0 82 199 41 100
pos0748.png 0 0 94 158 47 79
pos0749.png 0 0 74 184 37 92
pos0750.png 0 0 83 141 42 71
pos0751.png 0 0 94 150 47 75
pos0752.png 0 0 53 131 27 66
pos0753.png 0 0 73 177 37 89
pos0754.png 0 0 128 271 64 136
pos0755.png 0 0 50 89 25 45
pos0756.png 0 0 70 164 35 82
pos0757.png 0 0 53 82 27 41
pos0758.png 0 0 70 108 35 54
pos0759.png 0 0 74 190 37 95
pos0760.png 0 0 83 219 42 110
pos0761.png 0 0 53 79 27 40
pos0762.png 0 0 49 82 25 41
pos0763.png 0 0 63 151 32 76
pos0764.png 0 0 74 150 37 75
pos0765.png 0 0 43 124 22 62
pos0766.png 0 0 69 148 35 74
pos0767.png 0 0 131 261 66 131
pos0768.png 0 0 47 89 24 45
pos0769.png 0 0 69 174 35 87
pos0770.png 0 0 66 166 33 83
pos0771.png 0 0 53 108 27 54
pos0772.png 0 0 80 190 40 95
pos0773.png 0 0 89 228 45 114
pos0774.png 0 0 100 152 50 76
pos0775.png 0 0 50 82 25 41
pos0776.png 0 0 72 144 36 72
pos0777.png 0 0 54 79 27 40
pos0778.png 0 0 53 128 27 64
pos0779.png 0 0 89 157 45 79
pos0780.png 0 0 144 278 72 139
pos0781.png 0 0 80 178 40 89
pos0782.png 0 0 57 190 29 95
pos0783.png 0 0 53 92 27 46
pos0784.png 0 0 72 105 36 53
pos0785.png 0 0 86 164 43 82
pos0786.png 0 0 96 229 48 115
pos0787.png 0 0 94 158 47 79
pos0788.png 0 0 63 76 32 38
pos0789.png 0 0 92 151 46 76
pos0790.png 0 0 74 172 37 86
pos0791.png 0 0 69 122 35 61
pos0792.png 0 0 76 141 38 71
pos0793.png 0 0 135 300 68 150
pos0794.png 0 0 50 86 25 43
pos0795.png 0 0 73 196 37 98
pos0796.png 0 0 62 164 31 82
pos0797.png 0 0 73 115 37 58
pos0798.png 0 0 60 76 30 38
pos0799.png 0 0 102 258 51 129
pos0800.png 0 0 94 158 47 79
pos0801.png 0 0 100 132 50 66
pos0802.png 0 0 79 147 40 74
pos0803.png 0 0 66 82 33 41
pos0804.png 0 0 63 125 32 63
pos0805.png 0 0 79 157 40 79
pos0806.png 0 0 111 290 56 145
pos0807.png 0 0 86 178 43 89
pos0808.png 0 0 89 213 45 107
pos0809.png 0 0 60 83 30 42
pos0810.png 0 0 49 109 25 55
pos0811.png 0 0 79 79 40 40
pos0812.png 0 0 118 255 59 128
pos0813.png 0 0 88 172 44 86
pos0814.png 0 0 100 158 50 79
pos0815.png 0 0 59 147 30 74
pos0816.png 0 0 74 184 37 92
pos0817.png 0 0 69 131 35 66
pos0818.png 0 0 60 131 30 66
pos0819.png 0 0 92 284 46 142
pos0820.png 0 0 86 172 43 86
pos0821.png 0 0 82 215 41 108
pos0822.png 0 0 60 152 30 76
pos0823.png 0 0 89 99 45 50
pos0824.png 0 0 63 79 32 40
pos0825.png 0 0 190 287 95 144
pos0826.png 0 0 100 152 50 76
pos0827.png 0 0 60 86 30 43
pos0828.png 0 0 99 144 50 72
pos0829.png 0 0 66 86 33 43
pos0830.png 0 0 53 135 27 68
pos0831.png 0 0 80 138 40 69
pos0832.png 0 0 89 274 45 137
pos0833.png 0 0 59 89 30 45
pos0834.png 0 0 96 226 48 113
pos0835.png 0 0 68 138 34 69
pos0836.png 0 0 60 105 30 53
pos0837.png 0 0 72 85 36 43
pos0838.png 0 0 154 274 77 137
pos0839.png 0 0 106 144 53 72
pos0840.png 0 0 73 89 37 45
pos0841.png 0 0 79 154 40 77
pos0842.png 0 0 68 192 34 96
pos0843.png 0 0 79 141 40 71
pos0844.png 0 0 85 125 43 63
pos0845.png 0 0 144 268 72 134
pos0846.png 0 0 53 85 27 43
pos0847.png 0 0 99 225 50 113
pos0848.png 0 0 114 132 57 66
pos0849.png 0 0 79 102 40 51
pos0850.png 0 0 53 92 27 46
pos0851.png 0 0 134 290 67 145
pos0852.png 0 0 80 152 40 76
pos0853.png 0 0 76 95 38 48
pos0854.png 0 0 72 154 36 77
pos0855.png 0 0 60 82 30 41
pos0856.png 0 0 76 148 38 74
pos0857.png 0 0 66 135 33 68
pos0858.png 0 0 131 265 66 133
pos0859.png 0 0 92 172 46 86
pos0860.png 0 0 112 245 56 123
pos0861.png 0 0 100 132 50 66
pos0862.png 0 0 43 109 22 55
pos0863.png 0 0 80 190 40 95
pos0864.png 0 0 160 284 80 142
pos0865.png 0 0 80 160 40 80
pos0866.png 0 0 59 95 30 48
pos0867.png 0 0 92 151 46 76
pos0868.png 0 0 60 184 30 92
pos0869.png 0 0 76 150 38 75
pos0870.png 0 0 89 131 45 66
pos0871.png 0 0 95 293 48 147
pos0872.png 0 0 57 89 29 45
pos0873.png 0 0 89 245 45 123
pos0874.png 0 0 88 144 44 72
pos0875.png 0 0 75 92 38 46
pos0876.png 0 0 57 82 29 41
pos0877.png 0 0 174 274 87 137
pos0878.png 0 0 94 166 47 83
pos0879.png 0 0 50 115 25 58
pos0880.png 0 0 70 144 35 72
pos0881.png 0 0 49 89 25 45
pos0882.png 0 0 85 154 43 77
pos0883.png 0 0 53 131 27 66
pos0884.png 0 0 111 323 56 162
pos0885.png 0 0 56 89 28 45
pos0886.png 0 0 131 261 66 131
pos0887.png 0 0 74 150 37 75
pos0888.png 0 0 50 102 25 51
pos0889.png 0 0 67 82 34 41
pos0890.png 0 0 144 271 72 136
pos0891.png 0 0 88 152 44 76
pos0892.png 0 0 47 125 24 63
pos0893.png 0 0 73 131 37 66
pos0894.png 0 0 74 184 37 92
pos0895.png 0 0 79 161 40 81
pos0896.png 0 0 98 141 49 71
pos0897.png 0 0 105 304 53 152
pos0898.png 0 0 47 89 24 45
pos0899.png 0 0 115 255 58 128
pos0900.png 0 0 74 178 37 89
pos0901.png 0 0 73 105 37 53
pos0902.png 0 0 70 79 35 40
pos0903.png 0 0 157 252 79 126
pos0904.png 0 0 80 152 40 76
pos0905.png 0 0 57 134 29 67
pos0906.png 0 0 53 128 27 64
pos0907.png 0 0 53 82 27 41
pos0908.png 0 0 82 173 41 87
pos0909.png 0 0 59 138 30 69
pos0910.png 0 0 92 290 46 145
pos0911.png 0 0 86 178 43 89
pos0912.png 0 0 112 242 56 121
pos0913.png 0 0 74 178 37 89
pos0914.png 0 0 43 108 22 54
pos0915.png 0 0 63 98 32 49
pos0916.png 0 0 102 249 51 125
pos0917.png 0 0 68 144 34 72
pos0918.png 0 0 69 125 35 63
pos0919.png 0 0 75 118 38 59
pos0920.png 0 0 86 172 43 86
pos0921.png 0 0 79 176 40 88
pos0922.png 0 0 105 144 53 72
pos0923.png 0 0 118 271 59 136
pos0924.png 0 0 86 172 43 86
pos0925.png 0 0 105 245 53 123
pos0926.png 0 0 66 178 33 89
pos0927.png 0 0 72 105 36 53
pos0928.png 0 0 56 86 28 43
pos0929.png 0 0 140 235 70 118
pos0930.png 0 0 74 158 37 79
pos0931.png 0 0 108 131 54 66
pos0932.png 0 0 76 118 38 59
pos0933.png 0 0 50 89 25 45
pos0934.png 0 0 73 186 37 93
pos0935.png 0 0 92 141 46 71
pos0936.png 0 0 186 291 93 146
pos0937.png 0 0 86 172 43 86
pos0938.png 0 0 92 229 46 115
pos0939.png 0 0 68 184 34 92
pos0940.png 0 0 47 108 24 54
pos0941.png 0 0 80 152 40 76
pos0942.png 0 0 92 238 46 119
pos0943.png 0 0 86 158 43 79
pos0944.png 0 0 82 128 41 64
pos0945.png 0 0 53 108 27 54
pos0946.png 0 0 86 152 43 76
pos0947.png 0 0 99 193 50 97
pos0948.png 0 0 60 144 30 72
pos0949.png 0 0 150 287 75 144
pos0950.png 0 0 86 158 43 79
pos0951.png 0 0 95 235 48 118
pos0952.png 0 0 74 192 37 96
pos0953.png 0 0 50 109 25 55
pos0954.png 0 0 57 92 29 46
pos0955.png 0 0 102 235 51 118
pos0956.png 0 0 60 160 30 80
pos0957.png 0 0 89 141 45 71
pos0958.png 0 0 63 105 32 53
pos0959.png 0 0 74 184 37 92
pos0960.png 0 0 79 206 40 103
pos0961.png 0 0 69 154 35 77
pos0962.png 0 0 140 287 70 144
pos0963.png 0 0 50 83 25 42
pos0964.png 0 0 95 235 48 118
pos0965.png 0 0 66 184 33 92
pos0966.png 0 0 50 99 25 50
pos0967.png 0 0 47 89 24 45
pos0968.png 0 0 79 209 40 105
pos0969.png 0 0 47 86 24 43
pos0970.png 0 0 76 138 38 69
pos0971.png 0 0 53 102 27 51
pos0972.png 0 0 80 164 40 82
pos0973.png 0 0 109 183 55 92
pos0974.png 0 0 59 144 30 72
pos0975.png 0 0 199 297 100 149
pos0976.png 0 0 98 160 49 80
pos0977.png 0 0 92 225 46 113
pos0978.png 0 0 74 190 37 95
pos0979.png 0 0 49 101 25 51
pos0980.png 0 0 56 86 28 43
pos0981.png 0 0 89 216 45 108
pos0982.png 0 0 72 146 36 73
pos0983.png 0 0 76 135 38 68
pos0984.png 0 0 57 96 29 48
pos0985.png 0 0 74 176 37 88
pos0986.png 0 0 63 196 32 98
pos0987.png 0 0 73 144 37 72
pos0988.png 0 0 219 287 110 144
pos0989.png 0 0 92 160 46 80
pos0990.png 0 0 79 229 40 115
pos0991.png 0 0 66 198 33 99
pos0992.png 0 0 47 95 24 48
pos0993.png 0 0 80 176 40 88
pos0994.png 0 0 82 200 41 100
pos0995.png 0 0 100 158 50 79
pos0996.png 0 0 56 138 28 69
pos0997.png 0 0 47 93 24 47
pos0998.png 0 0 49 86 25 43
pos0999.png 0 0 115 186 58 93
pos1000.png 0 0 50 137 25 69
pos1001.png 0 0 122 287 61 144
pos1002.png 0 0 80 166 40 83
pos1003.png 0 0 76 219 38 110
pos1004.png 0 0 47 99 24 50
pos1005.png 0 0 74 202 37 101
pos1006.png 0 0 50 88 25 44
pos1007.png 0 0 73 209 37 105
pos1008.png 0 0 74 152 37 76
pos1009.png 0 0 80 138 40 69
pos1010.png 0 0 53 92 27 46
pos1011.png 0 0 74 172 37 86
pos1012.png 0 0 63 193 32 97
pos1013.png 0 0 73 148 37 74
pos1014.png 0 0 154 281 77 141
pos1015.png 0 0 68 166 34 83
pos1016.png 0 0 79 202 40 101
pos1017.png 0 0 43 99 22 50
pos1018.png 0 0 80 190 40 95
pos1019.png 0 0 47 86 24 43
pos1020.png 0 0 73 180 37 90
pos1021.png 0 0 94 132 47 66
pos1022.png 0 0 53 135 27 68
pos1023.png 0 0 49 89 25 45
pos1024.png 0 0 72 158 36 79
pos1025.png 0 0 111 186 56 93
pos1026.png 0 0 67 141 34 71
pos1027.png 0 0 223 278 112 139
pos1028.png 0 0 74 166 37 83
pos1029.png 0 0 92 209 46 105
pos1030.png 0 0 54 204 27 102
pos1031.png 0 0 66 190 33 95
pos1032.png 0 0 47 89 24 45
pos1033.png 0 0 66 196 33 98
pos1034.png 0 0 100 138 50 69
pos1035.png 0 0 53 128 27 64
pos1036.png 0 0 92 158 46 79
pos1037.png 0 0 60 158 30 79
pos1038.png 0 0 76 189 38 95
pos1039.png 0 0 56 144 28 72
pos1040.png 0 0 121 284 61 142
pos1041.png 0 0 80 164 40 82
pos1042.png 0 0 92 212 46 106
pos1043.png 0 0 56 99 28 50
pos1044.png 0 0 80 184 40 92
pos1045.png 0 0 80 170 40 85
pos1046.png 0 0 66 166 33 83
pos1047.png 0 0 86 138 43 69
pos1048.png 0 0 44 122 22 61
pos1049.png 0 0 62 72 31 36
pos1050.png 0 0 80 152 40 76
pos1051.png 0 0 99 193 50 97
pos1052.png 0 0 53 138 27 69
pos1053.png 0 0 121 277 61 139
pos1054.png 0 0 50 86 25 43
pos1055.png 0 0 69 193 35 97
pos1056.png 0 0 49 96 25 48
pos1057.png 0 0 74 184 37 92
pos1058.png 0 0 50 88 25 44
pos1059.png 0 0 80 180 40 90
pos1060.png 0 0 88 144 44 72
pos1061.png 0 0 56 125 28 63
pos1062.png 0 0 60 75 30 38
pos1063.png 0 0 80 146 40 73
pos1064.png 0 0 59 186 30 93
pos1065.png 0 0 47 131 24 66
pos1066.png 0 0 219 275 110 138
pos1067.png 0 0 86 164 43 82
pos1068.png 0 0 96 196 48 98
pos1069.png 0 0 60 210 30 105
pos1070.png 0 0 80 176 40 88
pos1071.png 0 0 80 172 40 86
pos1072.png 0 0 73 154 37 77
pos1073.png 0 0 80 126 40 63
pos1074.png 0 0 44 115 22 58
pos1075.png 0 0 74 172 37 86
pos1076.png 0 0 54 144 27 72
pos1077.png 0 0 109 190 55 95
pos1078.png 0 0 62 135 31 68
pos1079.png 0 0 186 275 93 138
pos1080.png 0 0 80 152 40 76
pos1081.png 0 0 83 196 42 98
pos1082.png 0 0 60 105 30 53
pos1083.png 0 0 62 176 31 88
pos1084.png 0 0 46 89 23 45
pos1085.png 0 0 66 164 33 82
pos1086.png 0 0 80 144 40 72
pos1087.png 0 0 43 112 22 56
pos1088.png 0 0 92 172 46 86
pos1089.png 0 0 48 138 24 69
pos1090.png 0 0 79 190 40 95
pos1091.png 0 0 56 128 28 64
pos1092.png 0 0 148 277 74 139
pos1093.png 0 0 92 172 46 86
pos1094.png 0 0 66 193 33 97
pos1095.png 0 0 47 98 24 49
pos1096.png 0 0 80 170 40 85
pos1097.png 0 0 80 172 40 86
pos1098.png 0 0 69 144 35 72
pos1099.png 0 0 80 152 40 76
pos1100.png 0 0 40 108 20 54
pos1101.png 0 0 63 80 32 40
pos1102.png 0 0 74 144 37 72
pos1103.png 0 0 72 193 36 97
pos1104.png 0 0 57 134 29 67
pos1105.png 0 0 173 284 87 142
pos1106.png 0 0 94 166 47 83
pos1107.png 0 0 86 193 43 97
pos1108.png 0 0 62 210 31 105
pos1109.png 0 0 72 172 36 86
pos1110.png 0 0 53 86 27 43
pos1111.png 0 0 72 154 36 77
pos1112.png 0 0 80 144 40 72
pos1113.png 0 0 50 102 25 51
pos1114.png 0 0 59 80 30 40
pos1115.png 0 0 54 146 27 73
pos1116.png 0 0 89 190 45 95
pos1117.png 0 0 46 119 23 60
pos1118.png 0 0 183 290 92 145
pos1119.png 0 0 80 172 40 86
pos1120.png 0 0 79 186 40 93
pos1121.png 0 0 59 95 30 48
pos1122.png 0 0 60 170 30 85
pos1123.png 0 0 60 86 30 43
pos1124.png 0 0 66 138 33 69
pos1125.png 0 0 88 144 44 72
pos1126.png 0 0 43 98 22 49
pos1127.png 0 0 86 164 43 82
pos1128.png 0 0 68 152 34 76
pos1129.png 0 0 66 174 33 87
pos1130.png 0 0 66 119 33 60
pos1131.png 0 0 121 284 61 142
pos1132.png 0 0 80 172 40 86
pos1133.png 0 0 63 186 32 93
pos1134.png 0 0 80 184 40 92
pos1135.png 0 0 60 184 30 92
pos1136.png 0 0 46 89 23 45
pos1137.png 0 0 69 135 35 68
pos1138.png 0 0 74 158 37 79
pos1139.png 0 0 80 192 40 96
pos1140.png 0 0 56 83 28 42
pos1141.png 0 0 80 138 40 69
pos1142.png 0 0 105 186 53 93
pos1143.png 0 0 76 111 38 56
pos1144.png 0 0 128 278 64 139
pos1145.png 0 0 86 172 43 86
pos1146.png 0 0 95 180 48 90
pos1147.png 0 0 74 198 37 99
pos1148.png 0 0 60 184 30 92
pos1149.png 0 0 47 92 24 46
pos1150.png 0 0 72 124 36 62
pos1151.png 0 0 60 140 30 70
pos1152.png 0 0 80 198 40 99
pos1153.png 0 0 92 158 46 79
pos1154.png 0 0 54 146 27 73
pos1155.png 0 0 76 187 38 94
pos1156.png 0 0 67 108 34 54
pos1157.png 0 0 187 271 94 136
pos1158.png 0 0 86 172 43 86
pos1159.png 0 0 69 180 35 90
pos1160.png 0 0 57 96 29 48
pos1161.png 0 0 54 184 27 92
pos1162.png 0 0 74 178 37 89
pos1163.png 0 0 69 128 35 64
pos1164.png 0 0 60 132 30 66
pos1165.png 0 0 72 204 36 102
pos1166.png 0 0 50 86 25 43
pos1167.png 0 0 66 140 33 70
pos1168.png 0 0 85 190 43 95
pos1169.png 0 0 69 118 35 59
pos1170.png 0 0 167 264 84 132
pos1171.png 0 0 47 86 24 43
pos1172.png 0 0 76 183 38 92
pos1173.png 0 0 74 198 37 99
pos1174.png 0 0 66 176 33 88
pos1175.png 0 0 74 178 37 89
pos1176.png 0 0 60 115 30 58
pos1177.png 0 0 60 132 30 66
pos1178.png 0 0 49 96 25 48
pos1179.png 0 0 56 86 28 43
pos1180.png 0 0 80 146 40 73
pos1181.png 0 0 109 189 55 95
pos1182.png 0 0 50 115 25 58
pos1183.png 0 0 137 271 69 136
pos1184.png 0 0 53 86 27 43
pos1185.png 0 0 102 177 51 89
pos1186.png 0 0 72 192 36 96
pos1187.png 0 0 60 178 30 89
pos1188.png 0 0 80 164 40 82
pos1189.png 0 0 67 115 34 58
pos1190.png 0 0 74 146 37 73
pos1191.png 0 0 56 89 28 45
pos1192.png 0 0 88 172 44 86
pos1193.png 0 0 54 126 27 63
pos1194.png 0 0 63 193 32 97
pos1195.png 0 0 60 118 30 59
pos1196.png 0 0 157 274 79 137
pos1197.png 0 0 49 86 25 43
pos1198.png 0 0 50 180 25 90
pos1199.png 0 0 80 192 40 96
pos1200.png 0 0 60 170 30 85
pos1201.png 0 0 50 83 25 42
pos1202.png 0 0 73 112 37 56
pos1203.png 0 0 66 146 33 73
pos1204.png 0 0 80 184 40 92
pos1205.png 0 0 56 89 28 45
pos1206.png 0 0 62 164 31 82
pos1207.png 0 0 96 196 48 98
pos1208.png 0 0 62 112 31 56
pos1209.png 0 0 164 284 82 142
pos1210.png 0 0 53 82 27 41
pos1211.png 0 0 99 187 50 94
pos1212.png 0 0 74 204 37 102
pos1213.png 0 0 60 178 30 89
pos1214.png 0 0 74 172 37 86
pos1215.png 0 0 66 112 33 56
pos1216.png 0 0 80 152 40 76
pos1217.png 0 0 74 144 37 72
pos1218.png 0 0 56 86 28 43
pos1219.png 0 0 54 132 27 66
pos1220.png 0 0 95 199 48 100
pos1221.png 0 0 70 112 35 56
pos1222.png 0 0 121 274 61 137
pos1223.png 0 0 92 164 46 82
pos1224.png 0 0 86 187 43 94
pos1225.png 0 0 68 204 34 102
pos1226.png 0 0 66 184 33 92
pos1227.png 0 0 100 158 50 79
pos1228.png 0 0 66 105 33 53
pos1229.png 0 0 80 152 40 76
pos1230.png 0 0 80 164 40 82
pos1231.png 0 0 50 96 25 48
pos1232.png 0 0 54 158 27 79
pos1233.png 0 0 63 196 32 98
pos1234.png 0 0 53 109 27 55
pos1235.png 0 0 118 258 59 129
pos1236.png 0 0 92 172 46 86
pos1237.png 0 0 53 187 27 94
pos1238.png 0 0 80 196 40 98
pos1239.png 0 0 66 170 33 85
pos1240.png 0 0 92 170 46 85
pos1241.png 0 0 66 105 33 53
pos1242.png 0 0 80 152 40 76
pos1243.png 0 0 80 172 40 86
pos1244.png 0 0 63 95 32 48
pos1245.png 0 0 66 146 33 73
pos1246.png 0 0 76 196 38 98
pos1247.png 0 0 63 108 32 54
pos1248.png 0 0 137 265 69 133
pos1249.png 0 0 86 172 43 86
pos1250.png 0 0 102 183 51 92
pos1251.png 0 0 68 202 34 101
pos1252.png 0 0 68 170 34 85
pos1253.png 0 0 66 184 33 92
pos1254.png 0 0 72 109 36 55
pos1255.png 0 0 60 158 30 79
pos1256.png 0 0 80 172 40 86
pos1257.png 0 0 47 95 24 48
pos1258.png 0 0 54 158 27 79
pos1259.png 0 0 99 193 50 97
pos1260.png 0 0 60 115 30 58
pos1261.png 0 0 157 261 79 131
pos1262.png 0 0 86 172 43 86
pos1263.png 0 0 69 183 35 92
pos1264.png 0 0 40 101 20 51
pos1265.png 0 0 56 75 28 38
pos1266.png 0 0 66 164 33 82
pos1267.png 0 0 53 108 27 54
pos1268.png 0 0 74 158 37 79
pos1269.png 0 0 80 166 40 83
pos1270.png 0 0 69 98 35 49
pos1271.png 0 0 60 146 30 73
pos1272.png 0 0 73 189 37 95
pos1273.png 0 0 57 111 29 56
pos1274.png 0 0 161 245 81 123
pos1275.png 0 0 80 164 40 82
pos1276.png 0 0 70 199 35 100
pos1277.png 0 0 40 105 20 53
pos1278.png 0 0 53 79 27 40
pos1279.png 0 0 72 172 36 86
pos1280.png 0 0 59 108 30 54
pos1281.png 0 0 86 144 43 72
pos1282.png 0 0 86 150 43 75
pos1283.png 0 0 80 196 40 98
pos1284.png 0 0 48 144 24 72
pos1285.png 0 0 79 209 40 105
pos1286.png 0 0 53 112 27 56
pos1287.png 0 0 131 248 66 124
pos1288.png 0 0 46 89 23 45
pos1289.png 0 0 92 196 46 98
pos1290.png 0 0 66 218 33 109
pos1291.png 0 0 98 150 49 75
pos1292.png 0 0 54 164 27 82
pos1293.png 0 0 50 102 25 51
pos1294.png 0 0 86 144 43 72
pos1295.png 0 0 80 144 40 72
pos1296.png 0 0 56 109 28 55
pos1297.png 0 0 54 126 27 63
pos1298.png 0 0 95 203 48 102
pos1299.png 0 0 50 102 25 51
pos1300.png 0 0 141 261 71 131
pos1301.png 0 0 54 172 27 86
pos1302.png 0 0 50 118 25 59
pos1303.png 0 0 80 144 40 72
pos1304.png 0 0 80 144 40 72
pos1305.png 0 0 56 105 28 53
pos1306.png 0 0 68 126 34 63
pos1307.png 0 0 72 203 36 102
pos1308.png 0 0 56 112 28 56
pos1309.png 0 0 134 254 67 127
pos1310.png 0 0 43 105 22 53
pos1311.png 0 0 60 79 30 40
pos1312.png 0 0 50 112 25 56
pos1313.png 0 0 122 255 61 128
pos1314.png 0 0 56 105 28 53
pos1315.png 0 0 53 76 27 38
pos1316.png 0 0 60 112 30 56
pos1317.png 0 0 53 111 27 56
pos1318.png 0 0 94 140 47 70
pos1319.png 0 0 88 146 44 73
pos1320.png 0 0 74 210 37 105
pos1321.png 0 0 66 132 33 66
pos1322.png 0 0 82 200 41 100
pos1323.png 0 0 63 105 32 53
pos1324.png 0 0 132 268 66 134
pos1325.png 0 0 86 170 43 85
pos1326.png 0 0 85 193 43 97
pos1327.png 0 0 50 101 25 51
pos1328.png 0 0 66 144 33 72
pos1329.png 0 0 60 152 30 76
pos1330.png 0 0 59 121 30 61
pos1331.png 0 0 88 152 44 76
pos1332.png 0 0 86 140 43 70
pos1333.png 0 0 50 111 25 56
pos1334.png 0 0 54 140 27 70
pos1335.png 0 0 105 196 53 98
pos1336.png 0 0 53 106 27 53
pos1337.png 0 0 145 261 73 131
pos1338.png 0 0 92 170 46 85
pos1339.png 0 0 86 196 43 98
pos1340.png 0 0 56 196 28 98
pos1341.png 0 0 66 158 33 79
pos1342.png 0 0 62 138 31 69
pos1343.png 0 0 73 118 37 59
pos1344.png 0 0 80 152 40 76
pos1345.png 0 0 86 132 43 66
pos1346.png 0 0 56 109 28 55
pos1347.png 0 0 46 132 23 66
pos1348.png 0 0 89 196 45 98
pos1349.png 0 0 68 124 34 62
pos1350.png 0 0 63 203 32 102
pos1351.png 0 0 50 105 25 53
pos1352.png 0 0 157 258 79 129
pos1353.png 0 0 92 164 46 82
pos1354.png 0 0 60 186 30 93
pos1355.png 0 0 50 102 25 51
pos1356.png 0 0 60 164 30 82
pos1357.png 0 0 74 152 37 76
pos1358.png 0 0 69 118 35 59
pos1359.png 0 0 60 150 30 75
pos1360.png 0 0 88 132 44 66
pos1361.png 0 0 43 109 22 55
pos1362.png 0 0 86 172 43 86
pos1363.png 0 0 50 102 25 51
pos1364.png 0 0 80 170 40 85
pos1365.png 0 0 50 98 25 49
pos1366.png 0 0 86 164 43 82
pos1367.png 0 0 79 193 40 97
pos1368.png 0 0 60 98 30 49
pos1369.png 0 0 60 164 30 82
pos1370.png 0 0 66 73 33 37
pos1371.png 0 0 56 118 28 59
pos1372.png 0 0 80 152 40 76
pos1373.png 0 0 74 132 37 66
pos1374.png 0 0 53 108 27 54
pos1375.png 0 0 48 138 24 69
pos1376.png 0 0 96 203 48 102
pos1377.png 0 0 59 95 30 48
pos1378.png 0 0 170 254 85 127
pos1379.png 0 0 46 89 23 45
pos1380.png 0 0 88 186 44 93
pos1381.png 0 0 74 198 37 99
pos1382.png 0 0 54 152 27 76
pos1383.png 0 0 98 152 49 76
pos1384.png 0 0 53 111 27 56
pos1385.png 0 0 80 152 40 76
pos1386.png 0 0 62 132 31 66
pos1387.png 0 0 66 108 33 54
pos1388.png 0 0 42 146 21 73
pos1389.png 0 0 89 200 45 100
pos1390.png 0 0 66 89 33 45
pos1391.png 0 0 167 254 84 127
pos1392.png 0 0 92 170 46 85
pos1393.png 0 0 73 183 37 92
pos1394.png 0 0 72 204 36 102
pos1395.png 0 0 54 158 27 79
pos1396.png 0 0 94 158 47 79
pos1397.png 0 0 76 105 38 53
pos1398.png 0 0 54 152 27 76
pos1399.png 0 0 68 146 34 73
pos1400.png 0 0 53 102 27 51
pos1401.png 0 0 54 132 27 66
pos1402.png 0 0 75 196 38 98
pos1403.png 0 0 60 105 30 53
pos1404.png 0 0 160 255 80 128
pos1405.png 0 0 46 89 23 45
pos1406.png 0 0 82 190 41 95
pos1407.png 0 0 56 102 28 51
pos1408.png 0 0 74 164 37 82
pos1409.png 0 0 98 144 49 72
pos1410.png 0 0 69 115 35 58
pos1411.png 0 0 80 152 40 76
pos1412.png 0 0 66 138 33 69
pos1413.png 0 0 53 109 27 55
pos1414.png 0 0 66 138 33 69
pos1415.png 0 0 89 196 45 98
pos1416.png 0 0 46 95 23 48
pos1417.png 0 0 153 248 77 124
pos1418.png 0 0 92 170 46 85
pos1419.png 0 0 82 193 41 97
pos1420.png 0 0 54 190 27 95
pos1421.png 0 0 80 144 40 72
pos1422.png 0 0 100 132 50 66
pos1423.png 0 0 60 96 30 48
pos1424.png 0 0 94 158 47 79
pos1425.png 0 0 86 146 43 73
pos1426.png 0 0 69 108 35 54
pos1427.png 0 0 48 138 24 69
pos1428.png 0 0 82 199 41 100
pos1429.png 0 0 74 204 37 102
pos1430.png 0 0 150 255 75 128
pos1431.png 0 0 92 170 46 85
pos1432.png 0 0 76 196 38 98
pos1433.png 0 0 53 102 27 51
pos1434.png 0 0 74 144 37 72
pos1435.png 0 0 94 138 47 69
pos1436.png 0 0 50 102 25 51
pos1437.png 0 0 74 152 37 76
pos1438.png 0 0 66 140 33 70
pos1439.png 0 0 53 101 27 51
pos1440.png 0 0 48 138 24 69
pos1441.png 0 0 73 189 37 95
pos1442.png 0 0 88 172 44 86
pos1443.png 0 0 150 251 75 126
pos1444.png 0 0 80 164 40 82
pos1445.png 0 0 70 180 35 90
pos1446.png 0 0 72 204 36 102
pos1447.png 0 0 80 158 40 79
pos1448.png 0 0 54 132 27 66
pos1449.png 0 0 74 190 37 95
pos1450.png 0 0 74 146 37 73
pos1451.png 0 0 66 146 33 73
pos1452.png 0 0 60 105 30 53
pos1453.png 0 0 60 138 30 69
pos1454.png 0 0 70 193 35 97
pos1455.png 0 0 63 95 32 48
pos1456.png 0 0 151 254 76 127
pos1457.png 0 0 80 164 40 82
pos1458.png 0 0 72 180 36 90
pos1459.png 0 0 66 198 33 99
pos1460.png 0 0 74 158 37 79
pos1461.png 0 0 80 146 40 73
pos1462.png 0 0 76 96 38 48
pos1463.png 0 0 86 152 43 76
pos1464.png 0 0 66 152 33 76
pos1465.png 0 0 76 102 38 51
pos1466.png 0 0 72 138 36 69
pos1467.png 0 0 72 196 36 98
pos1468.png 0 0 80 198 40 99
pos1469.png 0 0 140 254 70 127
pos1470.png 0 0 80 170 40 85
pos1471.png 0 0 73 184 37 92
pos1472.png 0 0 60 178 30 89
pos1473.png 0 0 68 152 34 76
pos1474.png 0 0 60 146 30 73
pos1475.png 0 0 43 102 22 51
pos1476.png 0 0 94 152 47 76
pos1477.png 0 0 62 150 31 75
pos1478.png 0 0 59 95 30 48
pos1479.png 0 0 48 140 24 70
pos1480.png 0 0 67 183 34 92
pos1481.png 0 0 41 98 21 49
pos1482.png 0 0 137 248 69 124
pos1483.png 0 0 86 164 43 82
pos1484.png 0 0 66 170 33 85
pos1485.png 0 0 60 172 30 86
pos1486.png 0 0 86 158 43 79
pos1487.png 0 0 100 158 50 79
pos1488.png 0 0 66 99 33 50
pos1489.png 0 0 66 152 33 76
pos1490.png 0 0 80 146 40 73
pos1491.png 0 0 50 105 25 53
pos1492.png 0 0 54 126 27 63
pos1493.png 0 0 76 180 38 90
pos1494.png 0 0 73 99 37 50
pos1495.png 0 0 138 254 69 127
pos1496.png 0 0 80 164 40 82
pos1497.png 0 0 82 174 41 87
pos1498.png 0 0 48 190 24 95
pos1499.png 0 0 68 144 34 72
pos1500.png 0 0 80 152 40 76
pos1501.png 0 0 80 196 40 98
pos1502.png 0 0 74 146 37 73
pos1503.png 0 0 74 158 37 79
pos1504.png 0 0 80 105 40 53
pos1505.png 0 0 86 132 43 66
pos1506.png 0 0 95 176 48 88
pos1507.png 0 0 59 99 30 50
pos1508.png 0 0 134 258 67 129
pos1509.png 0 0 86 164 43 82
pos1510.png 0 0 86 157 43 79
pos1511.png 0 0 54 178 27 89
pos1512.png 0 0 94 138 47 69
pos1513.png 0 0 94 158 47 79
pos1514.png 0 0 70 88 35 44
pos1515.png 0 0 94 140 47 70
pos1516.png 0 0 74 152 37 76
pos1517.png 0 0 66 101 33 51
pos1518.png 0 0 60 132 30 66
pos1519.png 0 0 76 189 38 95
pos1520.png 0 0 69 98 35 49
pos1521.png 0 0 135 258 68 129
pos1522.png 0 0 86 170 43 85
pos1523.png 0 0 73 170 37 85
pos1524.png 0 0 80 150 40 75
pos1525.png 0 0 56 73 28 37
pos1526.png 0 0 80 158 40 79
pos1527.png 0 0 43 101 22 51
pos1528.png 0 0 74 152 37 76
pos1529.png 0 0 49 82 25 41
pos1530.png 0 0 53 102 27 51
pos1531.png 0 0 60 140 30 70
pos1532.png 0 0 79 173 40 87
pos1533.png 0 0 43 101 22 51
pos1534.png 0 0 135 258 68 129
pos1535.png 0 0 92 170 46 85
pos1536.png 0 0 63 150 32 75
pos1537.png 0 0 80 138 40 69
pos1538.png 0 0 92 138 46 69
pos1539.png 0 0 80 164 40 82
pos1540.png 0 0 59 96 30 48
pos1541.png 0 0 68 140 34 70
pos1542.png 0 0 68 172 34 86
pos1543.png 0 0 66 105 33 53
pos1544.png 0 0 60 132 30 66
pos1545.png 0 0 89 180 45 90
pos1546.png 0 0 56 105 28 53
pos1547.png 0 0 131 258 66 129
pos1548.png 0 0 86 164 43 82
pos1549.png 0 0 70 163 35 82
pos1550.png 0 0 100 144 50 72
pos1551.png 0 0 86 178 43 89
pos1552.png 0 0 74 178 37 89
pos1553.png 0 0 56 99 28 50
pos1554.png 0 0 74 144 37 72
pos1555.png 0 0 54 184 27 92
pos1556.png 0 0 66 105 33 53
pos1557.png 0 0 74 146 37 73
pos1558.png 0 0 86 176 43 88
pos1559.png 0 0 67 98 34 49
pos1560.png 0 0 128 255 64 128
pos1561.png 0 0 86 170 43 85
pos1562.png 0 0 69 154 35 77
pos1563.png 0 0 80 170 40 85
pos1564.png 0 0 80 178 40 89
pos1565.png 0 0 44 92 22 46
pos1566.png 0 0 53 95 27 48
pos1567.png 0 0 88 158 44 79
pos1568.png 0 0 57 89 29 45
pos1569.png 0 0 53 112 27 56
pos1570.png 0 0 74 140 37 70
pos1571.png 0 0 102 176 51 88
pos1572.png 0 0 43 102 22 51
pos1573.png 0 0 128 258 64 129
pos1574.png 0 0 86 170 43 85
pos1575.png 0 0 72 151 36 76
pos1576.png 0 0 46 89 23 45
pos1577.png 0 0 57 102 29 51
pos1578.png 0 0 47 99 24 50
pos1579.png 0 0 63 102 32 51
pos1580.png 0 0 86 140 43 70
pos1581.png 0 0 50 92 25 46
pos1582.png 0 0 70 112 35 56
pos1583.png 0 0 92 124 46 62
pos1584.png 0 0 95 173 48 87
pos1585.png 0 0 44 98 22 49
pos1586.png 0 0 131 258 66 129
pos1587.png 0 0 92 170 46 85
pos1588.png 0 0 66 135 33 68
pos1589.png 0 0 53 85 27 43
pos1590.png 0 0 56 102 28 51
pos1591.png 0 0 66 190 33 95
pos1592.png 0 0 56 102 28 51
pos1593.png 0 0 80 152 40 76
pos1594.png 0 0 62 190 31 95
pos1595.png 0 0 66 115 33 58
pos1596.png 0 0 66 144 33 72
pos1597.png 0 0 101 180 51 90
pos1598.png 0 0 66 178 33 89
pos1599.png 0 0 134 261 67 131
pos1600.png 0 0 80 164 40 82
pos1601.png 0 0 76 141 38 71
pos1602.png 0 0 49 89 25 45
pos1603.png 0 0 43 114 22 57
pos1604.png 0 0 54 184 27 92
pos1605.png 0 0 82 105 41 53
pos1606.png 0 0 74 144 37 72
pos1607.png 0 0 72 196 36 98
pos1608.png 0 0 53 106 27 53
pos1609.png 0 0 106 132 53 66
pos1610.png 0 0 96 177 48 89
pos1611.png 0 0 53 101 27 51
pos1612.png 0 0 134 261 67 131
pos1613.png 0 0 80 164 40 82
pos1614.png 0 0 76 132 38 66
pos1615.png 0 0 56 164 28 82
pos1616.png 0 0 74 210 37 105
pos1617.png 0 0 68 184 34 92
pos1618.png 0 0 49 99 25 50
pos1619.png 0 0 68 138 34 69
pos1620.png 0 0 60 198 30 99
pos1621.png 0 0 69 112 35 56
pos1622.png 0 0 86 140 43 70
pos1623.png 0 0 102 189 51 95
pos1624.png 0 0 80 184 40 92
pos1625.png 0 0 128 262 64 131
pos1626.png 0 0 66 158 33 79
pos1627.png 0 0 79 135 40 68
pos1628.png 0 0 60 86 30 43
pos1629.png 0 0 40 114 20 57
pos1630.png 0 0 48 184 24 92
pos1631.png 0 0 53 98 27 49
pos1632.png 0 0 68 146 34 73
pos1633.png 0 0 43 105 22 53
pos1634.png 0 0 67 112 34 56
pos1635.png 0 0 86 140 43 70
pos1636.png 0 0 95 176 48 88
pos1637.png 0 0 50 89 25 45
pos1638.png 0 0 128 261 64 131
pos1639.png 0 0 66 158 33 79
pos1640.png 0 0 60 125 30 63
pos1641.png 0 0 112 140 56 70
pos1642.png 0 0 47 112 24 56
pos1643.png 0 0 44 95 22 48
pos1644.png 0 0 68 192 34 96
pos1645.png 0 0 74 138 37 69
pos1646.png 0 0 50 101 25 51
pos1647.png 0 0 57 119 29 60
pos1648.png 0 0 94 124 47 62
pos1649.png 0 0 98 177 49 89
pos1650.png 0 0 92 172 46 86
pos1651.png 0 0 128 261 64 131
pos1652.png 0 0 60 158 30 79
pos1653.png 0 0 82 125 41 63
pos1654.png 0 0 56 76 28 38
pos1655.png 0 0 43 119 22 60
pos1656.png 0 0 60 184 30 92
pos1657.png 0 0 56 83 28 42
pos1658.png 0 0 74 158 37 79
pos1659.png 0 0 60 210 30 105
pos1660.png 0 0 66 119 33 60
pos1661.png 0 0 66 138 33 69
pos1662.png 0 0 79 164 40 82
pos1663.png 0 0 60 76 30 38
pos1664.png 0 0 125 261 63 131
pos1665.png 0 0 66 158 33 79
pos1666.png 0 0 62 102 31 51
pos1667.png 0 0 88 166 44 83
pos1668.png 0 0 53 111 27 56
pos1669.png 0 0 49 95 25 48
pos1670.png 0 0 86 164 43 82
pos1671.png 0 0 80 140 40 70
pos1672.png 0 0 86 184 43 92
pos1673.png 0 0 70 119 35 60
pos1674.png 0 0 66 118 33 59
pos1675.png 0 0 102 174 51 87
pos1676.png 0 0 53 88 27 44
pos1677.png 0 0 128 261 64 131
pos1678.png 0 0 66 144 33 72
pos1679.png 0 0 79 121 40 61
pos1680.png 0 0 112 132 56 66
pos1681.png 0 0 46 121 23 61
pos1682.png 0 0 80 196 40 98
pos1683.png 0 0 80 164 40 82
pos1684.png 0 0 74 140 37 70
pos1685.png 0 0 60 198 30 99
pos1686.png 0 0 53 118 27 59
pos1687.png 0 0 60 132 30 66
pos1688.png 0 0 83 158 42 79
pos1689.png 0 0 50 85 25 43
pos1690.png 0 0 125 261 63 131
pos1691.png 0 0 66 152 33 76
pos1692.png 0 0 66 122 33 61
pos1693.png 0 0 68 164 34 82
pos1694.png 0 0 47 122 24 61
pos1695.png 0 0 53 96 27 48
pos1696.png 0 0 62 76 31 38
pos1697.png 0 0 94 146 47 73
pos1698.png 0 0 43 95 22 48
pos1699.png 0 0 63 122 32 61
pos1700.png 0 0 80 126 40 63
pos1701.png 0 0 105 157 53 79
pos1702.png 0 0 66 89 33 45
pos1703.png 0 0 121 255 61 128
pos1704.png 0 0 54 138 27 69
pos1705.png 0 0 76 118 38 59
pos1706.png 0 0 56 82 28 41
pos1707.png 0 0 46 122 23 61
pos1708.png 0 0 72 190 36 95
pos1709.png 0 0 80 132 40 66
pos1710.png 0 0 92 146 46 73
pos1711.png 0 0 60 158 30 79
pos1712.png 0 0 73 119 37 60
pos1713.png 0 0 60 150 30 75
pos1714.png 0 0 76 154 38 77
pos1715.png 0 0 70 86 35 43
pos1716.png 0 0 121 255 61 128
pos1717.png 0 0 60 146 30 73
pos1718.png 0 0 76 115 38 58
pos1719.png 0 0 92 158 46 79
pos1720.png 0 0 50 128 25 64
pos1721.png 0 0 54 95 27 48
pos1722.png 0 0 60 76 30 38
pos1723.png 0 0 86 158 43 79
pos1724.png 0 0 53 102 27 51
pos1725.png 0 0 60 118 30 59
pos1726.png 0 0 66 132 33 66
pos1727.png 0 0 86 154 43 77
pos1728.png 0 0 53 89 27 45
pos1729.png 0 0 125 258 63 129
pos1730.png 0 0 60 140 30 70
pos1731.png 0 0 60 121 30 61
pos1732.png 0 0 92 146 46 73
pos1733.png 0 0 53 125 27 63
pos1734.png 0 0 80 198 40 99
pos1735.png 0 0 62 92 31 46
pos1736.png 0 0 86 158 43 79
pos1737.png 0 0 44 99 22 50
pos1738.png 0 0 66 124 33 62
pos1739.png 0 0 66 132 33 66
pos1740.png 0 0 56 154 28 77
pos1741.png 0 0 75 89 38 45
pos1742.png 0 0 141 262 71 131
pos1743.png 0 0 60 140 30 70
pos1744.png 0 0 69 115 35 58
pos1745.png 0 0 80 158 40 79
pos1746.png 0 0 50 128 25 64
pos1747.png 0 0 46 95 23 48
pos1748.png 0 0 106 150 53 75
pos1749.png 0 0 88 158 44 79
pos1750.png 0 0 48 210 24 105
pos1751.png 0 0 73 124 37 62
pos1752.png 0 0 68 120 34 60
pos1753.png 0 0 75 145 38 73
pos1754.png 0 0 50 92 25 46
pos1755.png 0 0 132 245 66 123
pos1756.png 0 0 60 146 30 73
pos1757.png 0 0 50 111 25 56
pos1758.png 0 0 106 140 53 70
pos1759.png 0 0 56 132 28 66
pos1760.png 0 0 74 196 37 98
pos1761.png 0 0 53 76 27 38
pos1762.png 0 0 86 152 43 76
pos1763.png 0 0 53 102 27 51
pos1764.png 0 0 57 122 29 61
pos1765.png 0 0 80 106 40 53
pos1766.png 0 0 56 141 28 71
pos1767.png 0 0 85 85 43 43
pos1768.png 0 0 98 229 49 115
pos1769.png 0 0 60 152 30 76
pos1770.png 0 0 53 105 27 53
pos1771.png 0 0 98 118 49 59
pos1772.png 0 0 63 135 32 68
pos1773.png 0 0 50 92 25 46
pos1774.png 0 0 82 150 41 75
pos1775.png 0 0 86 158 43 79
pos1776.png 0 0 40 101 20 51
pos1777.png 0 0 59 128 30 64
pos1778.png 0 0 86 120 43 60
pos1779.png 0 0 59 134 30 67
pos1780.png 0 0 74 170 37 85
pos1781.png 0 0 164 238 82 119
pos1782.png 0 0 64 144 32 72
pos1783.png 0 0 43 105 22 53
pos1784.png 0 0 58 116 29 58
pos1785.png 0 0 58 132 29 66
pos1786.png 0 0 76 194 38 97
pos1787.png 0 0 98 136 49 68
pos1788.png 0 0 78 158 39 79
pos1789.png 0 0 66 200 33 100
pos1790.png 0 0 68 122 34 61
pos1791.png 0 0 76 122 38 61
pos1792.png 0 0 49 130 25 65
pos1793.png 0 0 86 174 43 87
pos1794.png 0 0 153 233 77 117
pos1795.png 0 0 66 150 33 75
pos1796.png 0 0 58 104 29 52
pos1797.png 0 0 88 106 44 53
pos1798.png 0 0 59 135 30 68
pos1799.png 0 0 46 92 23 46
pos1800.png 0 0 76 158 38 79
pos1801.png 0 0 50 80 25 40
pos1802.png 0 0 59 98 30 49
pos1803.png 0 0 56 125 28 63
pos1804.png 0 0 100 126 50 63
pos1805.png 0 0 63 126 32 63
pos1806.png 0 0 50 81 25 41
pos1807.png 0 0 77 246 39 123
pos1808.png 0 0 58 148 29 74
pos1809.png 0 0 88 174 44 87
pos1810.png 0 0 88 106 44 53
pos1811.png 0 0 54 136 27 68
pos1812.png 0 0 80 188 40 94
pos1813.png 0 0 92 170 46 85
pos1814.png 0 0 100 158 50 79
pos1815.png 0 0 50 95 25 48
pos1816.png 0 0 57 130 29 65
pos1817.png 0 0 94 128 47 64
pos1818.png 0 0 53 118 27 59
pos1819.png 0 0 54 83 27 42
pos1820.png 0 0 168 246 84 123
pos1821.png 0 0 64 150 32 75
pos1822.png 0 0 78 188 39 94
pos1823.png 0 0 124 124 62 62
pos1824.png 0 0 61 142 31 71
pos1825.png 0 0 49 91 25 46
pos1826.png 0 0 52 81 26 41
pos1827.png 0 0 92 166 46 83
pos1828.png 0 0 48 198 24 99
pos1829.png 0 0 73 129 37 65
pos1830.png 0 0 102 120 51 60
pos1831.png 0 0 47 112 24 56
pos1832.png 0 0 80 182 40 91
pos1833.png 0 0 153 241 77 121
pos1834.png 0 0 64 152 32 76
pos1835.png 0 0 45 92 23 46
pos1836.png 0 0 82 144 41 72
pos1837.png 0 0 63 145 32 73
pos1838.png 0 0 72 190 36 95
pos1839.png 0 0 52 86 26 43
pos1840.png 0 0 88 164 44 82
pos1841.png 0 0 54 97 27 49
pos1842.png 0 0 63 125 32 63
pos1843.png 0 0 76 124 38 62
pos1844.png 0 0 44 108 22 54
pos1845.png 0 0 48 88 24 44
pos1846.png 0 0 83 252 42 126
pos1847.png 0 0 64 146 32 73
pos1848.png 0 0 43 94 22 47
pos1849.png 0 0 88 142 44 71
pos1850.png 0 0 59 144 30 72
pos1851.png 0 0 74 182 37 91
pos1852.png 0 0 78 170 39 85
pos1853.png 0 0 78 166 39 83
pos1854.png 0 0 54 96 27 48
pos1855.png 0 0 44 131 22 66
pos1856.png 0 0 88 132 44 66
pos1857.png 0 0 48 113 24 57
pos1858.png 0 0 49 93 25 47
pos1859.png 0 0 180 249 90 125
pos1860.png 0 0 64 148 32 74
pos1861.png 0 0 66 196 33 98
pos1862.png 0 0 116 136 58 68
pos1863.png 0 0 59 144 30 72
pos1864.png 0 0 62 186 31 93
pos1865.png 0 0 80 160 40 80
pos1866.png 0 0 80 168 40 84
pos1867.png 0 0 60 188 30 94
pos1868.png 0 0 76 128 38 64
pos1869.png 0 0 96 132 48 66
pos1870.png 0 0 48 117 24 59
pos1871.png 0 0 74 204 37 102
pos1872.png 0 0 147 254 74 127
pos1873.png 0 0 68 144 34 72
pos1874.png 0 0 60 188 30 94
pos1875.png 0 0 60 144 30 72
pos1876.png 0 0 54 147 27 74
pos1877.png 0 0 66 182 33 91
pos1878.png 0 0 50 84 25 42
pos1879.png 0 0 82 168 41 84
pos1880.png 0 0 44 97 22 49
pos1881.png 0 0 66 129 33 65
pos1882.png 0 0 74 130 37 65
pos1883.png 0 0 45 125 23 63
pos1884.png 0 0 58 212 29 106
pos1885.png 0 0 98 262 49 131
pos1886.png 0 0 68 144 34 72
pos1887.png 0 0 78 204 39 102
pos1888.png 0 0 64 130 32 65
pos1889.png 0 0 56 149 28 75
pos1890.png 0 0 78 182 39 91
pos1891.png 0 0 86 172 43 86
pos1892.png 0 0 86 164 43 82
pos1893.png 0 0 65 93 33 47
pos1894.png 0 0 42 136 21 68
pos1895.png 0 0 56 128 28 64
pos1896.png 0 0 40 129 20 65
pos1897.png 0 0 45 101 23 51
pos1898.png 0 0 172 260 86 130
pos1899.png 0 0 58 142 29 71
pos1900.png 0 0 72 202 36 101
pos1901.png 0 0 76 134 38 67
pos1902.png 0 0 73 155 37 78
pos1903.png 0 0 60 168 30 84
pos1904.png 0 0 64 178 32 89
pos1905.png 0 0 50 83 25 42
pos1906.png 0 0 53 85 27 43
pos1907.png 0 0 63 136 32 68
pos1908.png 0 0 64 122 32 61
pos1909.png 0 0 40 128 20 64
pos1910.png 0 0 47 106 24 53
pos1911.png 0 0 147 251 74 126
pos1912.png 0 0 66 148 33 74
pos1913.png 0 0 72 202 36 101
pos1914.png 0 0 68 130 34 65
pos1915.png 0 0 76 158 38 79
pos1916.png 0 0 70 180 35 90
pos1917.png 0 0 68 174 34 87
pos1918.png 0 0 92 168 46 84
pos1919.png 0 0 52 85 26 43
pos1920.png 0 0 57 136 29 68
pos1921.png 0 0 86 128 43 64
pos1922.png 0 0 43 126 22 63
pos1923.png 0 0 52 110 26 55
pos1924.png 0 0 92 275 46 138
pos1925.png 0 0 66 144 33 72
pos1926.png 0 0 44 98 22 49
pos1927.png 0 0 90 102 45 51
pos1928.png 0 0 56 157 28 79
pos1929.png 0 0 64 176 32 88
pos1930.png 0 0 54 176 27 88
pos1931.png 0 0 92 172 46 86
pos1932.png 0 0 66 154 33 77
pos1933.png 0 0 37 131 19 66
pos1934.png 0 0 76 142 38 71
pos1935.png 0 0 45 124 23 62
pos1936.png 0 0 42 112 21 56
pos1937.png 0 0 173 266 87 133
pos1938.png 0 0 70 144 35 72
pos1939.png 0 0 44 98 22 49
pos1940.png 0 0 120 120 60 60
pos1941.png 0 0 62 159 31 80
pos1942.png 0 0 56 178 28 89
pos1943.png 0 0 52 166 26 83
pos1944.png 0 0 86 178 43 89
pos1945.png 0 0 65 81 33 41
pos1946.png 0 0 67 139 34 70
pos1947.png 0 0 46 142 23 71
pos1948.png 0 0 48 128 24 64
pos1949.png 0 0 59 107 30 54
pos1950.png 0 0 129 270 65 135
pos1951.png 0 0 70 148 35 74
pos1952.png 0 0 43 104 22 52
pos1953.png 0 0 96 126 48 63
pos1954.png 0 0 55 161 28 81
pos1955.png 0 0 60 180 30 90
pos1956.png 0 0 66 160 33 80
pos1957.png 0 0 47 91 24 46
pos1958.png 0 0 84 160 42 80
pos1959.png 0 0 72 136 36 68
pos1960.png 0 0 60 154 30 77
pos1961.png 0 0 48 128 24 64
pos1962.png 0 0 52 98 26 49
pos1963.png 0 0 122 273 61 137
pos1964.png 0 0 78 144 39 72
pos1965.png 0 0 48 108 24 54
pos1966.png 0 0 84 152 42 76
pos1967.png 0 0 67 171 34 86
pos1968.png 0 0 56 178 28 89
pos1969.png 0 0 70 168 35 84
pos1970.png 0 0 50 91 25 46
pos1971.png 0 0 65 75 33 38
pos1972.png 0 0 51 134 26 67
pos1973.png 0 0 66 150 33 75
pos1974.png 0 0 51 126 26 63
pos1975.png 0 0 62 104 31 52
pos1976.png 0 0 159 273 80 137
pos1977.png 0 0 78 138 39 69
pos1978.png 0 0 48 107 24 54
pos1979.png 0 0 88 162 44 81
pos1980.png 0 0 83 179 42 90
pos1981.png 0 0 56 182 28 91
pos1982.png 0 0 72 180 36 90
pos1983.png 0 0 55 90 28 45
pos1984.png 0 0 52 79 26 40
pos1985.png 0 0 50 139 25 70
pos1986.png 0 0 78 150 39 75
pos1987.png 0 0 48 125 24 63
pos1988.png 0 0 59 95 30 48
pos1989.png 0 0 133 264 67 132
pos1990.png 0 0 78 144 39 72
pos1991.png 0 0 47 107 24 54
pos1992.png 0 0 72 174 36 87
pos1993.png 0 0 78 176 39 88
pos1994.png 0 0 46 186 23 93
pos1995.png 0 0 70 188 35 94
pos1996.png 0 0 60 86 30 43
pos1997.png 0 0 64 180 32 90
pos1998.png 0 0 69 136 35 68
pos1999.png 0 0 86 146 43 73
pos2000.png 0 0 48 130 24 65
pos2001.png 0 0 52 97 26 49
pos2002.png 0 0 88 269 44 135
pos2003.png 0 0 82 146 41 73
pos2004.png 0 0 50 107 25 54
pos2005.png 0 0 52 85 26 43
pos2006.png 0 0 60 173 30 87
pos2007.png 0 0 46 182 23 91
pos2008.png 0 0 76 182 38 91
pos2009.png 0 0 54 87 27 44
pos2010.png 0 0 82 182 41 91
pos2011.png 0 0 58 134 29 67
pos2012.png 0 0 74 146 37 73
pos2013.png 0 0 48 133 24 67
pos2014.png 0 0 59 81 30 41
pos2015.png 0 0 136 257 68 129
pos2016.png 0 0 76 140 38 70
pos2017.png 0 0 49 106 25 53
pos2018.png 0 0 72 154 36 77
pos2019.png 0 0 67 176 34 88
pos2020.png 0 0 42 182 21 91
pos2021.png 0 0 68 190 34 95
pos2022.png 0 0 88 170 44 85
pos2023.png 0 0 48 96 24 48
pos2024.png 0 0 48 142 24 71
pos2025.png 0 0 92 144 46 72
pos2026.png 0 0 50 131 25 66
pos2027.png 0 0 80 166 40 83
pos2028.png 0 0 126 252 63 126
pos2029.png 0 0 72 144 36 72
pos2030.png 0 0 54 112 27 56
pos2031.png 0 0 96 160 48 80
pos2032.png 0 0 65 177 33 89
pos2033.png 0 0 40 184 20 92
pos2034.png 0 0 72 210 36 105
pos2035.png 0 0 82 170 41 85
pos2036.png 0 0 40 100 20 50
pos2037.png 0 0 57 143 29 72
pos2038.png 0 0 66 142 33 71
pos2039.png 0 0 49 129 25 65
pos2040.png 0 0 64 186 32 93
pos2041.png 0 0 122 260 61 130
pos2042.png 0 0 70 154 35 77
pos2043.png 0 0 57 114 29 57
pos2044.png 0 0 66 170 33 85
pos2045.png 0 0 72 188 36 94
pos2046.png 0 0 52 184 26 92
pos2047.png 0 0 64 212 32 106
pos2048.png 0 0 92 170 46 85
pos2049.png 0 0 51 96 26 48
pos2050.png 0 0 46 145 23 73
pos2051.png 0 0 66 148 33 74
pos2052.png 0 0 46 129 23 65
pos2053.png 0 0 52 194 26 97
pos2054.png 0 0 117 253 59 127
