96 1
pos0001.png 0 0 66 152 33 76
pos0002.png 0 0 44 121 22 61
pos0003.png 0 0 34 128 17 64
pos0004.png 0 0 43 177 22 89
pos0005.png 0 0 66 82 33 41
pos0006.png 0 0 89 154 45 77
pos0007.png 0 0 80 160 40 80
pos0008.png 0 0 46 95 23 48
pos0009.png 0 0 86 140 43 70
pos0010.png 0 0 54 152 27 76
pos0011.png 0 0 83 189 42 95
pos0012.png 0 0 60 105 30 53
pos0014.png 0 0 72 146 36 73
pos0015.png 0 0 46 121 23 61
pos0016.png 0 0 49 128 25 64
pos0017.png 0 0 43 177 22 89
pos0018.png 0 0 66 75 33 38
pos0019.png 0 0 76 138 38 69
pos0020.png 0 0 72 160 36 80
pos0021.png 0 0 53 95 27 48
pos0022.png 0 0 83 137 42 69
pos0023.png 0 0 54 158 27 79
pos0024.png 0 0 86 196 43 98
pos0025.png 0 0 63 115 32 58
pos0027.png 0 0 72 152 36 76
pos0028.png 0 0 40 125 20 63
pos0029.png 0 0 66 128 33 64
pos0030.png 0 0 57 173 29 87
pos0031.png 0 0 56 82 28 41
pos0032.png 0 0 121 138 61 69
pos0033.png 0 0 72 144 36 72
pos0034.png 0 0 50 98 25 49
pos0035.png 0 0 82 131 41 66
pos0036.png 0 0 54 146 27 73
pos0037.png 0 0 76 196 38 98
pos0038.png 0 0 93 121 47 61
pos0040.png 0 0 66 158 33 79
pos0041.png 0 0 40 118 20 59
pos0042.png 0 0 43 128 22 64
pos0043.png 0 0 72 173 36 87
pos0044.png 0 0 66 79 33 40
pos0045.png 0 0 93 138 47 69
pos0046.png 0 0 72 152 36 76
pos0047.png 0 0 47 92 24 46
pos0048.png 0 0 99 138 50 69
pos0049.png 0 0 62 146 31 73
pos0050.png 0 0 79 193 40 97
pos0051.png 0 0 99 124 50 62
pos0053.png 0 0 66 152 33 76
pos0054.png 0 0 53 118 27 59
pos0055.png 0 0 34 128 17 64
pos0056.png 0 0 79 173 40 87
pos0057.png 0 0 80 164 40 82
pos0058.png 0 0 101 147 51 74
pos0059.png 0 0 72 158 36 79
pos0060.png 0 0 47 89 24 45
pos0061.png 0 0 82 141 41 71
pos0062.png 0 0 60 146 30 73
pos0063.png 0 0 96 209 48 105
pos0064.png 0 0 69 124 35 62
pos0066.png 0 0 66 146 33 73
pos0067.png 0 0 47 118 24 59
pos0068.png 0 0 56 128 28 64
pos0069.png 0 0 72 180 36 90
pos0070.png 0 0 66 82 33 41
pos0071.png 0 0 89 144 45 72
pos0072.png 0 0 80 152 40 76
pos0073.png 0 0 86 184 43 92
pos0074.png 0 0 72 141 36 71
pos0075.png 0 0 54 152 27 76
pos0076.png 0 0 95 200 48 100
pos0077.png 0 0 59 127 30 64
pos0079.png 0 0 66 158 33 79
pos0080.png 0 0 68 224 34 112
pos0081.png 0 0 37 124 19 62
pos0082.png 0 0 40 171 20 86
pos0083.png 0 0 62 178 31 89
pos0084.png 0 0 99 144 50 72
pos0085.png 0 0 74 144 37 72
pos0086.png 0 0 47 92 24 46
pos0087.png 0 0 57 137 29 69
pos0088.png 0 0 54 144 27 72
pos0089.png 0 0 76 196 38 98
pos0090.png 0 0 47 127 24 64
pos0092.png 0 0 72 158 36 79
pos0093.png 0 0 43 118 22 59
pos0094.png 0 0 36 125 18 63
pos0095.png 0 0 79 174 40 87
pos0096.png 0 0 74 164 37 82
pos0097.png 0 0 79 141 40 71
pos0098.png 0 0 86 152 43 76
pos0099.png 0 0 56 92 28 46
pos0100.png 0 0 56 141 28 71
pos0101.png 0 0 54 144 27 72
pos0102.png 0 0 96 190 48 95
pos0103.png 0 0 73 124 37 62
