192 1
neg0001.png 0 0 59 118
neg0002.png 0 0 59 118
neg0003.png 0 0 59 118
neg0004.png 0 0 59 118
neg0005.png 0 0 59 118
neg0006.png 0 0 59 118
neg0007.png 0 0 59 118
neg0008.png 0 0 59 118
neg0009.png 0 0 59 118
neg0010.png 0 0 59 118
neg0011.png 0 0 59 118
neg0012.png 0 0 59 118
neg0013.png 0 0 59 118
neg0014.png 0 0 59 118
neg0015.png 0 0 59 118
neg0016.png 0 0 59 118
neg0017.png 0 0 59 118
neg0018.png 0 0 59 118
neg0019.png 0 0 59 118
neg0020.png 0 0 59 118
neg0021.png 0 0 59 118
neg0022.png 0 0 59 118
neg0023.png 0 0 59 118
neg0024.png 0 0 59 118
neg0025.png 0 0 59 118
neg0026.png 0 0 59 118
neg0027.png 0 0 59 118
neg0028.png 0 0 59 118
neg0029.png 0 0 59 118
neg0030.png 0 0 59 118
neg0031.png 0 0 59 118
neg0032.png 0 0 59 118
neg0033.png 0 0 59 118
neg0034.png 0 0 59 118
neg0035.png 0 0 59 118
neg0036.png 0 0 59 118
neg0037.png 0 0 59 118
neg0038.png 0 0 59 118
neg0039.png 0 0 59 118
neg0040.png 0 0 59 118
neg0041.png 0 0 59 118
neg0042.png 0 0 59 118
neg0043.png 0 0 59 118
neg0044.png 0 0 59 118
neg0045.png 0 0 59 118
neg0046.png 0 0 59 118
neg0047.png 0 0 59 118
neg0048.png 0 0 59 118
neg0049.png 0 0 59 118
neg0050.png 0 0 59 118
neg0051.png 0 0 59 118
neg0052.png 0 0 59 118
neg0053.png 0 0 59 118
neg0054.png 0 0 59 118
neg0055.png 0 0 59 118
neg0056.png 0 0 59 118
neg0057.png 0 0 59 118
neg0058.png 0 0 59 118
neg0059.png 0 0 59 118
neg0060.png 0 0 59 118
neg0061.png 0 0 59 118
neg0062.png 0 0 59 118
neg0063.png 0 0 59 118
neg0064.png 0 0 59 118
neg0065.png 0 0 59 118
neg0066.png 0 0 59 118
neg0067.png 0 0 59 118
neg0068.png 0 0 59 118
neg0069.png 0 0 59 118
neg0070.png 0 0 59 118
neg0071.png 0 0 59 118
neg0072.png 0 0 59 118
neg0073.png 0 0 59 118
neg0074.png 0 0 59 118
neg0075.png 0 0 59 118
neg0076.png 0 0 59 118
neg0077.png 0 0 59 118
neg0078.png 0 0 59 118
neg0079.png 0 0 59 118
neg0080.png 0 0 59 118
neg0081.png 0 0 59 118
neg0082.png 0 0 59 118
neg0083.png 0 0 59 118
neg0084.png 0 0 59 118
neg0085.png 0 0 59 118
neg0086.png 0 0 59 118
neg0087.png 0 0 59 118
neg0088.png 0 0 59 118
neg0089.png 0 0 59 118
neg0090.png 0 0 59 118
neg0091.png 0 0 59 118
neg0092.png 0 0 59 118
neg0093.png 0 0 59 118
neg0094.png 0 0 59 118
neg0095.png 0 0 59 118
neg0096.png 0 0 59 118
neg0097.png 0 0 59 118
neg0098.png 0 0 59 118
neg0099.png 0 0 59 118
neg0100.png 0 0 59 118
neg0101.png 0 0 59 118
neg0102.png 0 0 59 118
neg0103.png 0 0 59 118
neg0104.png 0 0 59 118
neg0105.png 0 0 59 118
neg0106.png 0 0 59 118
neg0107.png 0 0 59 118
neg0108.png 0 0 59 118
neg0109.png 0 0 59 118
neg0110.png 0 0 59 118
neg0111.png 0 0 59 118
neg0112.png 0 0 59 118
neg0113.png 0 0 59 118
neg0114.png 0 0 59 118
neg0115.png 0 0 59 118
neg0116.png 0 0 59 118
neg0117.png 0 0 59 118
neg0118.png 0 0 59 118
neg0119.png 0 0 59 118
neg0120.png 0 0 59 118
neg0121.png 0 0 59 118
neg0122.png 0 0 59 118
neg0123.png 0 0 59 118
neg0124.png 0 0 59 118
neg0125.png 0 0 59 118
neg0126.png 0 0 59 118
neg0127.png 0 0 59 118
neg0128.png 0 0 59 118
neg0129.png 0 0 59 118
neg0130.png 0 0 59 118
neg0131.png 0 0 59 118
neg0132.png 0 0 59 118
neg0133.png 0 0 59 118
neg0134.png 0 0 59 118
neg0135.png 0 0 59 118
neg0136.png 0 0 59 118
neg0137.png 0 0 59 118
neg0138.png 0 0 59 118
neg0139.png 0 0 59 118
neg0140.png 0 0 59 118
neg0141.png 0 0 59 118
neg0142.png 0 0 59 118
neg0143.png 0 0 59 118
neg0144.png 0 0 59 118
neg0145.png 0 0 59 118
neg0146.png 0 0 59 118
neg0147.png 0 0 59 118
neg0148.png 0 0 59 118
neg0149.png 0 0 59 118
neg0150.png 0 0 59 118
neg0151.png 0 0 59 118
neg0152.png 0 0 59 118
neg0153.png 0 0 59 118
neg0154.png 0 0 59 118
neg0155.png 0 0 59 118
neg0156.png 0 0 59 118
neg0157.png 0 0 59 118
neg0158.png 0 0 59 118
neg0159.png 0 0 59 118
neg0160.png 0 0 59 118
neg0161.png 0 0 59 118
neg0162.png 0 0 59 118
neg0163.png 0 0 59 118
neg0164.png 0 0 59 118
neg0165.png 0 0 59 118
neg0166.png 0 0 59 118
neg0167.png 0 0 59 118
neg0168.png 0 0 59 118
neg0169.png 0 0 59 118
neg0170.png 0 0 59 118
neg0171.png 0 0 59 118
neg0172.png 0 0 59 118
neg0173.png 0 0 59 118
neg0174.png 0 0 59 118
neg0175.png 0 0 59 118
neg0176.png 0 0 59 118
neg0177.png 0 0 59 118
neg0178.png 0 0 59 118
neg0179.png 0 0 59 118
neg0180.png 0 0 59 118
neg0181.png 0 0 59 118
neg0182.png 0 0 59 118
neg0183.png 0 0 59 118
neg0184.png 0 0 59 118
neg0185.png 0 0 59 118
neg0186.png 0 0 59 118
neg0187.png 0 0 59 118
neg0188.png 0 0 59 118
neg0189.png 0 0 59 118
neg0190.png 0 0 59 118
neg0191.png 0 0 59 118
neg0192.png 0 0 59 118
