96 1
neg0001.png 0 0 59 118
neg0002.png 0 0 59 118
neg0003.png 0 0 59 118
neg0004.png 0 0 59 118
neg0005.png 0 0 59 118
neg0006.png 0 0 59 118
neg0007.png 0 0 59 118
neg0008.png 0 0 59 118
neg0009.png 0 0 59 118
neg0010.png 0 0 59 118
neg0011.png 0 0 59 118
neg0012.png 0 0 59 118
neg0013.png 0 0 59 118
neg0014.png 0 0 59 118
neg0015.png 0 0 59 118
neg0016.png 0 0 59 118
neg0017.png 0 0 59 118
neg0018.png 0 0 59 118
neg0019.png 0 0 59 118
neg0020.png 0 0 59 118
neg0021.png 0 0 59 118
neg0022.png 0 0 59 118
neg0023.png 0 0 59 118
neg0024.png 0 0 59 118
neg0025.png 0 0 59 118
neg0026.png 0 0 59 118
neg0027.png 0 0 59 118
neg0028.png 0 0 59 118
neg0029.png 0 0 59 118
neg0030.png 0 0 59 118
neg0031.png 0 0 59 118
neg0032.png 0 0 59 118
neg0033.png 0 0 59 118
neg0034.png 0 0 59 118
neg0035.png 0 0 59 118
neg0036.png 0 0 59 118
neg0037.png 0 0 59 118
neg0038.png 0 0 59 118
neg0039.png 0 0 59 118
neg0040.png 0 0 59 118
neg0041.png 0 0 59 118
neg0042.png 0 0 59 118
neg0043.png 0 0 59 118
neg0044.png 0 0 59 118
neg0045.png 0 0 59 118
neg0046.png 0 0 59 118
neg0047.png 0 0 59 118
neg0048.png 0 0 59 118
neg0049.png 0 0 59 118
neg0050.png 0 0 59 118
neg0051.png 0 0 59 118
neg0052.png 0 0 59 118
neg0053.png 0 0 59 118
neg0054.png 0 0 59 118
neg0055.png 0 0 59 118
neg0056.png 0 0 59 118
neg0057.png 0 0 59 118
neg0058.png 0 0 59 118
neg0059.png 0 0 59 118
neg0060.png 0 0 59 118
neg0061.png 0 0 59 118
neg0062.png 0 0 59 118
neg0063.png 0 0 59 118
neg0064.png 0 0 59 118
neg0065.png 0 0 59 118
neg0066.png 0 0 59 118
neg0067.png 0 0 59 118
neg0068.png 0 0 59 118
neg0069.png 0 0 59 118
neg0070.png 0 0 59 118
neg0071.png 0 0 59 118
neg0072.png 0 0 59 118
neg0073.png 0 0 59 118
neg0074.png 0 0 59 118
neg0075.png 0 0 59 118
neg0076.png 0 0 59 118
neg0077.png 0 0 59 118
neg0078.png 0 0 59 118
neg0079.png 0 0 59 118
neg0080.png 0 0 59 118
neg0081.png 0 0 59 118
neg0082.png 0 0 59 118
neg0083.png 0 0 59 118
neg0084.png 0 0 59 118
neg0085.png 0 0 59 118
neg0086.png 0 0 59 118
neg0087.png 0 0 59 118
neg0088.png 0 0 59 118
neg0089.png 0 0 59 118
neg0090.png 0 0 59 118
neg0091.png 0 0 59 118
neg0092.png 0 0 59 118
neg0093.png 0 0 59 118
neg0094.png 0 0 59 118
neg0095.png 0 0 59 118
neg0096.png 0 0 59 118
