24 1
neg0001.png 0 0 59 118
neg0002.png 0 0 59 118
neg0003.png 0 0 59 118
neg0004.png 0 0 59 118
neg0005.png 0 0 59 118
neg0006.png 0 0 59 118
neg0007.png 0 0 59 118
neg0008.png 0 0 59 118
neg0009.png 0 0 59 118
neg0010.png 0 0 59 118
neg0011.png 0 0 59 118
neg0012.png 0 0 59 118
neg0013.png 0 0 59 118
neg0014.png 0 0 59 118
neg0015.png 0 0 59 118
neg0016.png 0 0 59 118
neg0017.png 0 0 59 118
neg0018.png 0 0 59 118
neg0019.png 0 0 59 118
neg0020.png 0 0 59 118
neg0021.png 0 0 59 118
neg0022.png 0 0 59 118
neg0023.png 0 0 59 118
neg0024.png 0 0 59 118
