384 1
neg0001.png 0 0 59 118
neg0002.png 0 0 59 118
neg0003.png 0 0 59 118
neg0004.png 0 0 59 118
neg0005.png 0 0 59 118
neg0006.png 0 0 59 118
neg0007.png 0 0 59 118
neg0008.png 0 0 59 118
neg0009.png 0 0 59 118
neg0010.png 0 0 59 118
neg0011.png 0 0 59 118
neg0012.png 0 0 59 118
neg0013.png 0 0 59 118
neg0014.png 0 0 59 118
neg0015.png 0 0 59 118
neg0016.png 0 0 59 118
neg0017.png 0 0 59 118
neg0018.png 0 0 59 118
neg0019.png 0 0 59 118
neg0020.png 0 0 59 118
neg0021.png 0 0 59 118
neg0022.png 0 0 59 118
neg0023.png 0 0 59 118
neg0024.png 0 0 59 118
neg0025.png 0 0 59 118
neg0026.png 0 0 59 118
neg0027.png 0 0 59 118
neg0028.png 0 0 59 118
neg0029.png 0 0 59 118
neg0030.png 0 0 59 118
neg0031.png 0 0 59 118
neg0032.png 0 0 59 118
neg0033.png 0 0 59 118
neg0034.png 0 0 59 118
neg0035.png 0 0 59 118
neg0036.png 0 0 59 118
neg0037.png 0 0 59 118
neg0038.png 0 0 59 118
neg0039.png 0 0 59 118
neg0040.png 0 0 59 118
neg0041.png 0 0 59 118
neg0042.png 0 0 59 118
neg0043.png 0 0 59 118
neg0044.png 0 0 59 118
neg0045.png 0 0 59 118
neg0046.png 0 0 59 118
neg0047.png 0 0 59 118
neg0048.png 0 0 59 118
neg0049.png 0 0 59 118
neg0050.png 0 0 59 118
neg0051.png 0 0 59 118
neg0052.png 0 0 59 118
neg0053.png 0 0 59 118
neg0054.png 0 0 59 118
neg0055.png 0 0 59 118
neg0056.png 0 0 59 118
neg0057.png 0 0 59 118
neg0058.png 0 0 59 118
neg0059.png 0 0 59 118
neg0060.png 0 0 59 118
neg0061.png 0 0 59 118
neg0062.png 0 0 59 118
neg0063.png 0 0 59 118
neg0064.png 0 0 59 118
neg0065.png 0 0 59 118
neg0066.png 0 0 59 118
neg0067.png 0 0 59 118
neg0068.png 0 0 59 118
neg0069.png 0 0 59 118
neg0070.png 0 0 59 118
neg0071.png 0 0 59 118
neg0072.png 0 0 59 118
neg0073.png 0 0 59 118
neg0074.png 0 0 59 118
neg0075.png 0 0 59 118
neg0076.png 0 0 59 118
neg0077.png 0 0 59 118
neg0078.png 0 0 59 118
neg0079.png 0 0 59 118
neg0080.png 0 0 59 118
neg0081.png 0 0 59 118
neg0082.png 0 0 59 118
neg0083.png 0 0 59 118
neg0084.png 0 0 59 118
neg0085.png 0 0 59 118
neg0086.png 0 0 59 118
neg0087.png 0 0 59 118
neg0088.png 0 0 59 118
neg0089.png 0 0 59 118
neg0090.png 0 0 59 118
neg0091.png 0 0 59 118
neg0092.png 0 0 59 118
neg0093.png 0 0 59 118
neg0094.png 0 0 59 118
neg0095.png 0 0 59 118
neg0096.png 0 0 59 118
neg0097.png 0 0 59 118
neg0098.png 0 0 59 118
neg0099.png 0 0 59 118
neg0100.png 0 0 59 118
neg0101.png 0 0 59 118
neg0102.png 0 0 59 118
neg0103.png 0 0 59 118
neg0104.png 0 0 59 118
neg0105.png 0 0 59 118
neg0106.png 0 0 59 118
neg0107.png 0 0 59 118
neg0108.png 0 0 59 118
neg0109.png 0 0 59 118
neg0110.png 0 0 59 118
neg0111.png 0 0 59 118
neg0112.png 0 0 59 118
neg0113.png 0 0 59 118
neg0114.png 0 0 59 118
neg0115.png 0 0 59 118
neg0116.png 0 0 59 118
neg0117.png 0 0 59 118
neg0118.png 0 0 59 118
neg0119.png 0 0 59 118
neg0120.png 0 0 59 118
neg0121.png 0 0 59 118
neg0122.png 0 0 59 118
neg0123.png 0 0 59 118
neg0124.png 0 0 59 118
neg0125.png 0 0 59 118
neg0126.png 0 0 59 118
neg0127.png 0 0 59 118
neg0128.png 0 0 59 118
neg0129.png 0 0 59 118
neg0130.png 0 0 59 118
neg0131.png 0 0 59 118
neg0132.png 0 0 59 118
neg0133.png 0 0 59 118
neg0134.png 0 0 59 118
neg0135.png 0 0 59 118
neg0136.png 0 0 59 118
neg0137.png 0 0 59 118
neg0138.png 0 0 59 118
neg0139.png 0 0 59 118
neg0140.png 0 0 59 118
neg0141.png 0 0 59 118
neg0142.png 0 0 59 118
neg0143.png 0 0 59 118
neg0144.png 0 0 59 118
neg0145.png 0 0 59 118
neg0146.png 0 0 59 118
neg0147.png 0 0 59 118
neg0148.png 0 0 59 118
neg0149.png 0 0 59 118
neg0150.png 0 0 59 118
neg0151.png 0 0 59 118
neg0152.png 0 0 59 118
neg0153.png 0 0 59 118
neg0154.png 0 0 59 118
neg0155.png 0 0 59 118
neg0156.png 0 0 59 118
neg0157.png 0 0 59 118
neg0158.png 0 0 59 118
neg0159.png 0 0 59 118
neg0160.png 0 0 59 118
neg0161.png 0 0 59 118
neg0162.png 0 0 59 118
neg0163.png 0 0 59 118
neg0164.png 0 0 59 118
neg0165.png 0 0 59 118
neg0166.png 0 0 59 118
neg0167.png 0 0 59 118
neg0168.png 0 0 59 118
neg0169.png 0 0 59 118
neg0170.png 0 0 59 118
neg0171.png 0 0 59 118
neg0172.png 0 0 59 118
neg0173.png 0 0 59 118
neg0174.png 0 0 59 118
neg0175.png 0 0 59 118
neg0176.png 0 0 59 118
neg0177.png 0 0 59 118
neg0178.png 0 0 59 118
neg0179.png 0 0 59 118
neg0180.png 0 0 59 118
neg0181.png 0 0 59 118
neg0182.png 0 0 59 118
neg0183.png 0 0 59 118
neg0184.png 0 0 59 118
neg0185.png 0 0 59 118
neg0186.png 0 0 59 118
neg0187.png 0 0 59 118
neg0188.png 0 0 59 118
neg0189.png 0 0 59 118
neg0190.png 0 0 59 118
neg0191.png 0 0 59 118
neg0192.png 0 0 59 118
neg0193.png 0 0 59 118
neg0194.png 0 0 59 118
neg0195.png 0 0 59 118
neg0196.png 0 0 59 118
neg0197.png 0 0 59 118
neg0198.png 0 0 59 118
neg0199.png 0 0 59 118
neg0200.png 0 0 59 118
neg0201.png 0 0 59 118
neg0202.png 0 0 59 118
neg0203.png 0 0 59 118
neg0204.png 0 0 59 118
neg0205.png 0 0 59 118
neg0206.png 0 0 59 118
neg0207.png 0 0 59 118
neg0208.png 0 0 59 118
neg0209.png 0 0 59 118
neg0210.png 0 0 59 118
neg0211.png 0 0 59 118
neg0212.png 0 0 59 118
neg0213.png 0 0 59 118
neg0214.png 0 0 59 118
neg0215.png 0 0 59 118
neg0216.png 0 0 59 118
neg0217.png 0 0 59 118
neg0218.png 0 0 59 118
neg0219.png 0 0 59 118
neg0220.png 0 0 59 118
neg0221.png 0 0 59 118
neg0222.png 0 0 59 118
neg0223.png 0 0 59 118
neg0224.png 0 0 59 118
neg0225.png 0 0 59 118
neg0226.png 0 0 59 118
neg0227.png 0 0 59 118
neg0228.png 0 0 59 118
neg0229.png 0 0 59 118
neg0230.png 0 0 59 118
neg0231.png 0 0 59 118
neg0232.png 0 0 59 118
neg0233.png 0 0 59 118
neg0234.png 0 0 59 118
neg0235.png 0 0 59 118
neg0236.png 0 0 59 118
neg0237.png 0 0 59 118
neg0238.png 0 0 59 118
neg0239.png 0 0 59 118
neg0240.png 0 0 59 118
neg0241.png 0 0 59 118
neg0242.png 0 0 59 118
neg0243.png 0 0 59 118
neg0244.png 0 0 59 118
neg0245.png 0 0 59 118
neg0246.png 0 0 59 118
neg0247.png 0 0 59 118
neg0248.png 0 0 59 118
neg0249.png 0 0 59 118
neg0250.png 0 0 59 118
neg0251.png 0 0 59 118
neg0252.png 0 0 59 118
neg0253.png 0 0 59 118
neg0254.png 0 0 59 118
neg0255.png 0 0 59 118
neg0256.png 0 0 59 118
neg0257.png 0 0 59 118
neg0258.png 0 0 59 118
neg0259.png 0 0 59 118
neg0260.png 0 0 59 118
neg0261.png 0 0 59 118
neg0262.png 0 0 59 118
neg0263.png 0 0 59 118
neg0264.png 0 0 59 118
neg0265.png 0 0 59 118
neg0266.png 0 0 59 118
neg0267.png 0 0 59 118
neg0268.png 0 0 59 118
neg0269.png 0 0 59 118
neg0270.png 0 0 59 118
neg0271.png 0 0 59 118
neg0272.png 0 0 59 118
neg0273.png 0 0 59 118
neg0274.png 0 0 59 118
neg0275.png 0 0 59 118
neg0276.png 0 0 59 118
neg0277.png 0 0 59 118
neg0278.png 0 0 59 118
neg0279.png 0 0 59 118
neg0280.png 0 0 59 118
neg0281.png 0 0 59 118
neg0282.png 0 0 59 118
neg0283.png 0 0 59 118
neg0284.png 0 0 59 118
neg0285.png 0 0 59 118
neg0286.png 0 0 59 118
neg0287.png 0 0 59 118
neg0288.png 0 0 59 118
neg0289.png 0 0 59 118
neg0290.png 0 0 59 118
neg0291.png 0 0 59 118
neg0292.png 0 0 59 118
neg0293.png 0 0 59 118
neg0294.png 0 0 59 118
neg0295.png 0 0 59 118
neg0296.png 0 0 59 118
neg0297.png 0 0 59 118
neg0298.png 0 0 59 118
neg0299.png 0 0 59 118
neg0300.png 0 0 59 118
neg0301.png 0 0 59 118
neg0302.png 0 0 59 118
neg0303.png 0 0 59 118
neg0304.png 0 0 59 118
neg0305.png 0 0 59 118
neg0306.png 0 0 59 118
neg0307.png 0 0 59 118
neg0308.png 0 0 59 118
neg0309.png 0 0 59 118
neg0310.png 0 0 59 118
neg0311.png 0 0 59 118
neg0312.png 0 0 59 118
neg0313.png 0 0 59 118
neg0314.png 0 0 59 118
neg0315.png 0 0 59 118
neg0316.png 0 0 59 118
neg0317.png 0 0 59 118
neg0318.png 0 0 59 118
neg0319.png 0 0 59 118
neg0320.png 0 0 59 118
neg0321.png 0 0 59 118
neg0322.png 0 0 59 118
neg0323.png 0 0 59 118
neg0324.png 0 0 59 118
neg0325.png 0 0 59 118
neg0326.png 0 0 59 118
neg0327.png 0 0 59 118
neg0328.png 0 0 59 118
neg0329.png 0 0 59 118
neg0330.png 0 0 59 118
neg0331.png 0 0 59 118
neg0332.png 0 0 59 118
neg0333.png 0 0 59 118
neg0334.png 0 0 59 118
neg0335.png 0 0 59 118
neg0336.png 0 0 59 118
neg0337.png 0 0 59 118
neg0338.png 0 0 59 118
neg0339.png 0 0 59 118
neg0340.png 0 0 59 118
neg0341.png 0 0 59 118
neg0342.png 0 0 59 118
neg0343.png 0 0 59 118
neg0344.png 0 0 59 118
neg0345.png 0 0 59 118
neg0346.png 0 0 59 118
neg0347.png 0 0 59 118
neg0348.png 0 0 59 118
neg0349.png 0 0 59 118
neg0350.png 0 0 59 118
neg0351.png 0 0 59 118
neg0352.png 0 0 59 118
neg0353.png 0 0 59 118
neg0354.png 0 0 59 118
neg0355.png 0 0 59 118
neg0356.png 0 0 59 118
neg0357.png 0 0 59 118
neg0358.png 0 0 59 118
neg0359.png 0 0 59 118
neg0360.png 0 0 59 118
neg0361.png 0 0 59 118
neg0362.png 0 0 59 118
neg0363.png 0 0 59 118
neg0364.png 0 0 59 118
neg0365.png 0 0 59 118
neg0366.png 0 0 59 118
neg0367.png 0 0 59 118
neg0368.png 0 0 59 118
neg0369.png 0 0 59 118
neg0370.png 0 0 59 118
neg0371.png 0 0 59 118
neg0372.png 0 0 59 118
neg0373.png 0 0 59 118
neg0374.png 0 0 59 118
neg0375.png 0 0 59 118
neg0376.png 0 0 59 118
neg0377.png 0 0 59 118
neg0378.png 0 0 59 118
neg0379.png 0 0 59 118
neg0380.png 0 0 59 118
neg0381.png 0 0 59 118
neg0382.png 0 0 59 118
neg0383.png 0 0 59 118
neg0384.png 0 0 59 118
