768 1
neg0001.png 0 0 59 118
neg0002.png 0 0 59 118
neg0003.png 0 0 59 118
neg0004.png 0 0 59 118
neg0005.png 0 0 59 118
neg0006.png 0 0 59 118
neg0007.png 0 0 59 118
neg0008.png 0 0 59 118
neg0009.png 0 0 59 118
neg0010.png 0 0 59 118
neg0011.png 0 0 59 118
neg0012.png 0 0 59 118
neg0013.png 0 0 59 118
neg0014.png 0 0 59 118
neg0015.png 0 0 59 118
neg0016.png 0 0 59 118
neg0017.png 0 0 59 118
neg0018.png 0 0 59 118
neg0019.png 0 0 59 118
neg0020.png 0 0 59 118
neg0021.png 0 0 59 118
neg0022.png 0 0 59 118
neg0023.png 0 0 59 118
neg0024.png 0 0 59 118
neg0025.png 0 0 59 118
neg0026.png 0 0 59 118
neg0027.png 0 0 59 118
neg0028.png 0 0 59 118
neg0029.png 0 0 59 118
neg0030.png 0 0 59 118
neg0031.png 0 0 59 118
neg0032.png 0 0 59 118
neg0033.png 0 0 59 118
neg0034.png 0 0 59 118
neg0035.png 0 0 59 118
neg0036.png 0 0 59 118
neg0037.png 0 0 59 118
neg0038.png 0 0 59 118
neg0039.png 0 0 59 118
neg0040.png 0 0 59 118
neg0041.png 0 0 59 118
neg0042.png 0 0 59 118
neg0043.png 0 0 59 118
neg0044.png 0 0 59 118
neg0045.png 0 0 59 118
neg0046.png 0 0 59 118
neg0047.png 0 0 59 118
neg0048.png 0 0 59 118
neg0049.png 0 0 59 118
neg0050.png 0 0 59 118
neg0051.png 0 0 59 118
neg0052.png 0 0 59 118
neg0053.png 0 0 59 118
neg0054.png 0 0 59 118
neg0055.png 0 0 59 118
neg0056.png 0 0 59 118
neg0057.png 0 0 59 118
neg0058.png 0 0 59 118
neg0059.png 0 0 59 118
neg0060.png 0 0 59 118
neg0061.png 0 0 59 118
neg0062.png 0 0 59 118
neg0063.png 0 0 59 118
neg0064.png 0 0 59 118
neg0065.png 0 0 59 118
neg0066.png 0 0 59 118
neg0067.png 0 0 59 118
neg0068.png 0 0 59 118
neg0069.png 0 0 59 118
neg0070.png 0 0 59 118
neg0071.png 0 0 59 118
neg0072.png 0 0 59 118
neg0073.png 0 0 59 118
neg0074.png 0 0 59 118
neg0075.png 0 0 59 118
neg0076.png 0 0 59 118
neg0077.png 0 0 59 118
neg0078.png 0 0 59 118
neg0079.png 0 0 59 118
neg0080.png 0 0 59 118
neg0081.png 0 0 59 118
neg0082.png 0 0 59 118
neg0083.png 0 0 59 118
neg0084.png 0 0 59 118
neg0085.png 0 0 59 118
neg0086.png 0 0 59 118
neg0087.png 0 0 59 118
neg0088.png 0 0 59 118
neg0089.png 0 0 59 118
neg0090.png 0 0 59 118
neg0091.png 0 0 59 118
neg0092.png 0 0 59 118
neg0093.png 0 0 59 118
neg0094.png 0 0 59 118
neg0095.png 0 0 59 118
neg0096.png 0 0 59 118
neg0097.png 0 0 59 118
neg0098.png 0 0 59 118
neg0099.png 0 0 59 118
neg0100.png 0 0 59 118
neg0101.png 0 0 59 118
neg0102.png 0 0 59 118
neg0103.png 0 0 59 118
neg0104.png 0 0 59 118
neg0105.png 0 0 59 118
neg0106.png 0 0 59 118
neg0107.png 0 0 59 118
neg0108.png 0 0 59 118
neg0109.png 0 0 59 118
neg0110.png 0 0 59 118
neg0111.png 0 0 59 118
neg0112.png 0 0 59 118
neg0113.png 0 0 59 118
neg0114.png 0 0 59 118
neg0115.png 0 0 59 118
neg0116.png 0 0 59 118
neg0117.png 0 0 59 118
neg0118.png 0 0 59 118
neg0119.png 0 0 59 118
neg0120.png 0 0 59 118
neg0121.png 0 0 59 118
neg0122.png 0 0 59 118
neg0123.png 0 0 59 118
neg0124.png 0 0 59 118
neg0125.png 0 0 59 118
neg0126.png 0 0 59 118
neg0127.png 0 0 59 118
neg0128.png 0 0 59 118
neg0129.png 0 0 59 118
neg0130.png 0 0 59 118
neg0131.png 0 0 59 118
neg0132.png 0 0 59 118
neg0133.png 0 0 59 118
neg0134.png 0 0 59 118
neg0135.png 0 0 59 118
neg0136.png 0 0 59 118
neg0137.png 0 0 59 118
neg0138.png 0 0 59 118
neg0139.png 0 0 59 118
neg0140.png 0 0 59 118
neg0141.png 0 0 59 118
neg0142.png 0 0 59 118
neg0143.png 0 0 59 118
neg0144.png 0 0 59 118
neg0145.png 0 0 59 118
neg0146.png 0 0 59 118
neg0147.png 0 0 59 118
neg0148.png 0 0 59 118
neg0149.png 0 0 59 118
neg0150.png 0 0 59 118
neg0151.png 0 0 59 118
neg0152.png 0 0 59 118
neg0153.png 0 0 59 118
neg0154.png 0 0 59 118
neg0155.png 0 0 59 118
neg0156.png 0 0 59 118
neg0157.png 0 0 59 118
neg0158.png 0 0 59 118
neg0159.png 0 0 59 118
neg0160.png 0 0 59 118
neg0161.png 0 0 59 118
neg0162.png 0 0 59 118
neg0163.png 0 0 59 118
neg0164.png 0 0 59 118
neg0165.png 0 0 59 118
neg0166.png 0 0 59 118
neg0167.png 0 0 59 118
neg0168.png 0 0 59 118
neg0169.png 0 0 59 118
neg0170.png 0 0 59 118
neg0171.png 0 0 59 118
neg0172.png 0 0 59 118
neg0173.png 0 0 59 118
neg0174.png 0 0 59 118
neg0175.png 0 0 59 118
neg0176.png 0 0 59 118
neg0177.png 0 0 59 118
neg0178.png 0 0 59 118
neg0179.png 0 0 59 118
neg0180.png 0 0 59 118
neg0181.png 0 0 59 118
neg0182.png 0 0 59 118
neg0183.png 0 0 59 118
neg0184.png 0 0 59 118
neg0185.png 0 0 59 118
neg0186.png 0 0 59 118
neg0187.png 0 0 59 118
neg0188.png 0 0 59 118
neg0189.png 0 0 59 118
neg0190.png 0 0 59 118
neg0191.png 0 0 59 118
neg0192.png 0 0 59 118
neg0193.png 0 0 59 118
neg0194.png 0 0 59 118
neg0195.png 0 0 59 118
neg0196.png 0 0 59 118
neg0197.png 0 0 59 118
neg0198.png 0 0 59 118
neg0199.png 0 0 59 118
neg0200.png 0 0 59 118
neg0201.png 0 0 59 118
neg0202.png 0 0 59 118
neg0203.png 0 0 59 118
neg0204.png 0 0 59 118
neg0205.png 0 0 59 118
neg0206.png 0 0 59 118
neg0207.png 0 0 59 118
neg0208.png 0 0 59 118
neg0209.png 0 0 59 118
neg0210.png 0 0 59 118
neg0211.png 0 0 59 118
neg0212.png 0 0 59 118
neg0213.png 0 0 59 118
neg0214.png 0 0 59 118
neg0215.png 0 0 59 118
neg0216.png 0 0 59 118
neg0217.png 0 0 59 118
neg0218.png 0 0 59 118
neg0219.png 0 0 59 118
neg0220.png 0 0 59 118
neg0221.png 0 0 59 118
neg0222.png 0 0 59 118
neg0223.png 0 0 59 118
neg0224.png 0 0 59 118
neg0225.png 0 0 59 118
neg0226.png 0 0 59 118
neg0227.png 0 0 59 118
neg0228.png 0 0 59 118
neg0229.png 0 0 59 118
neg0230.png 0 0 59 118
neg0231.png 0 0 59 118
neg0232.png 0 0 59 118
neg0233.png 0 0 59 118
neg0234.png 0 0 59 118
neg0235.png 0 0 59 118
neg0236.png 0 0 59 118
neg0237.png 0 0 59 118
neg0238.png 0 0 59 118
neg0239.png 0 0 59 118
neg0240.png 0 0 59 118
neg0241.png 0 0 59 118
neg0242.png 0 0 59 118
neg0243.png 0 0 59 118
neg0244.png 0 0 59 118
neg0245.png 0 0 59 118
neg0246.png 0 0 59 118
neg0247.png 0 0 59 118
neg0248.png 0 0 59 118
neg0249.png 0 0 59 118
neg0250.png 0 0 59 118
neg0251.png 0 0 59 118
neg0252.png 0 0 59 118
neg0253.png 0 0 59 118
neg0254.png 0 0 59 118
neg0255.png 0 0 59 118
neg0256.png 0 0 59 118
neg0257.png 0 0 59 118
neg0258.png 0 0 59 118
neg0259.png 0 0 59 118
neg0260.png 0 0 59 118
neg0261.png 0 0 59 118
neg0262.png 0 0 59 118
neg0263.png 0 0 59 118
neg0264.png 0 0 59 118
neg0265.png 0 0 59 118
neg0266.png 0 0 59 118
neg0267.png 0 0 59 118
neg0268.png 0 0 59 118
neg0269.png 0 0 59 118
neg0270.png 0 0 59 118
neg0271.png 0 0 59 118
neg0272.png 0 0 59 118
neg0273.png 0 0 59 118
neg0274.png 0 0 59 118
neg0275.png 0 0 59 118
neg0276.png 0 0 59 118
neg0277.png 0 0 59 118
neg0278.png 0 0 59 118
neg0279.png 0 0 59 118
neg0280.png 0 0 59 118
neg0281.png 0 0 59 118
neg0282.png 0 0 59 118
neg0283.png 0 0 59 118
neg0284.png 0 0 59 118
neg0285.png 0 0 59 118
neg0286.png 0 0 59 118
neg0287.png 0 0 59 118
neg0288.png 0 0 59 118
neg0289.png 0 0 59 118
neg0290.png 0 0 59 118
neg0291.png 0 0 59 118
neg0292.png 0 0 59 118
neg0293.png 0 0 59 118
neg0294.png 0 0 59 118
neg0295.png 0 0 59 118
neg0296.png 0 0 59 118
neg0297.png 0 0 59 118
neg0298.png 0 0 59 118
neg0299.png 0 0 59 118
neg0300.png 0 0 59 118
neg0301.png 0 0 59 118
neg0302.png 0 0 59 118
neg0303.png 0 0 59 118
neg0304.png 0 0 59 118
neg0305.png 0 0 59 118
neg0306.png 0 0 59 118
neg0307.png 0 0 59 118
neg0308.png 0 0 59 118
neg0309.png 0 0 59 118
neg0310.png 0 0 59 118
neg0311.png 0 0 59 118
neg0312.png 0 0 59 118
neg0313.png 0 0 59 118
neg0314.png 0 0 59 118
neg0315.png 0 0 59 118
neg0316.png 0 0 59 118
neg0317.png 0 0 59 118
neg0318.png 0 0 59 118
neg0319.png 0 0 59 118
neg0320.png 0 0 59 118
neg0321.png 0 0 59 118
neg0322.png 0 0 59 118
neg0323.png 0 0 59 118
neg0324.png 0 0 59 118
neg0325.png 0 0 59 118
neg0326.png 0 0 59 118
neg0327.png 0 0 59 118
neg0328.png 0 0 59 118
neg0329.png 0 0 59 118
neg0330.png 0 0 59 118
neg0331.png 0 0 59 118
neg0332.png 0 0 59 118
neg0333.png 0 0 59 118
neg0334.png 0 0 59 118
neg0335.png 0 0 59 118
neg0336.png 0 0 59 118
neg0337.png 0 0 59 118
neg0338.png 0 0 59 118
neg0339.png 0 0 59 118
neg0340.png 0 0 59 118
neg0341.png 0 0 59 118
neg0342.png 0 0 59 118
neg0343.png 0 0 59 118
neg0344.png 0 0 59 118
neg0345.png 0 0 59 118
neg0346.png 0 0 59 118
neg0347.png 0 0 59 118
neg0348.png 0 0 59 118
neg0349.png 0 0 59 118
neg0350.png 0 0 59 118
neg0351.png 0 0 59 118
neg0352.png 0 0 59 118
neg0353.png 0 0 59 118
neg0354.png 0 0 59 118
neg0355.png 0 0 59 118
neg0356.png 0 0 59 118
neg0357.png 0 0 59 118
neg0358.png 0 0 59 118
neg0359.png 0 0 59 118
neg0360.png 0 0 59 118
neg0361.png 0 0 59 118
neg0362.png 0 0 59 118
neg0363.png 0 0 59 118
neg0364.png 0 0 59 118
neg0365.png 0 0 59 118
neg0366.png 0 0 59 118
neg0367.png 0 0 59 118
neg0368.png 0 0 59 118
neg0369.png 0 0 59 118
neg0370.png 0 0 59 118
neg0371.png 0 0 59 118
neg0372.png 0 0 59 118
neg0373.png 0 0 59 118
neg0374.png 0 0 59 118
neg0375.png 0 0 59 118
neg0376.png 0 0 59 118
neg0377.png 0 0 59 118
neg0378.png 0 0 59 118
neg0379.png 0 0 59 118
neg0380.png 0 0 59 118
neg0381.png 0 0 59 118
neg0382.png 0 0 59 118
neg0383.png 0 0 59 118
neg0384.png 0 0 59 118
neg0385.png 0 0 59 118
neg0386.png 0 0 59 118
neg0387.png 0 0 59 118
neg0388.png 0 0 59 118
neg0389.png 0 0 59 118
neg0390.png 0 0 59 118
neg0391.png 0 0 59 118
neg0392.png 0 0 59 118
neg0393.png 0 0 59 118
neg0394.png 0 0 59 118
neg0395.png 0 0 59 118
neg0396.png 0 0 59 118
neg0397.png 0 0 59 118
neg0398.png 0 0 59 118
neg0399.png 0 0 59 118
neg0400.png 0 0 59 118
neg0401.png 0 0 59 118
neg0402.png 0 0 59 118
neg0403.png 0 0 59 118
neg0404.png 0 0 59 118
neg0405.png 0 0 59 118
neg0406.png 0 0 59 118
neg0407.png 0 0 59 118
neg0408.png 0 0 59 118
neg0409.png 0 0 59 118
neg0410.png 0 0 59 118
neg0411.png 0 0 59 118
neg0412.png 0 0 59 118
neg0413.png 0 0 59 118
neg0414.png 0 0 59 118
neg0415.png 0 0 59 118
neg0416.png 0 0 59 118
neg0417.png 0 0 59 118
neg0418.png 0 0 59 118
neg0419.png 0 0 59 118
neg0420.png 0 0 59 118
neg0421.png 0 0 59 118
neg0422.png 0 0 59 118
neg0423.png 0 0 59 118
neg0424.png 0 0 59 118
neg0425.png 0 0 59 118
neg0426.png 0 0 59 118
neg0427.png 0 0 59 118
neg0428.png 0 0 59 118
neg0429.png 0 0 59 118
neg0430.png 0 0 59 118
neg0431.png 0 0 59 118
neg0432.png 0 0 59 118
neg0433.png 0 0 59 118
neg0434.png 0 0 59 118
neg0435.png 0 0 59 118
neg0436.png 0 0 59 118
neg0437.png 0 0 59 118
neg0438.png 0 0 59 118
neg0439.png 0 0 59 118
neg0440.png 0 0 59 118
neg0441.png 0 0 59 118
neg0442.png 0 0 59 118
neg0443.png 0 0 59 118
neg0444.png 0 0 59 118
neg0445.png 0 0 59 118
neg0446.png 0 0 59 118
neg0447.png 0 0 59 118
neg0448.png 0 0 59 118
neg0449.png 0 0 59 118
neg0450.png 0 0 59 118
neg0451.png 0 0 59 118
neg0452.png 0 0 59 118
neg0453.png 0 0 59 118
neg0454.png 0 0 59 118
neg0455.png 0 0 59 118
neg0456.png 0 0 59 118
neg0457.png 0 0 59 118
neg0458.png 0 0 59 118
neg0459.png 0 0 59 118
neg0460.png 0 0 59 118
neg0461.png 0 0 59 118
neg0462.png 0 0 59 118
neg0463.png 0 0 59 118
neg0464.png 0 0 59 118
neg0465.png 0 0 59 118
neg0466.png 0 0 59 118
neg0467.png 0 0 59 118
neg0468.png 0 0 59 118
neg0469.png 0 0 59 118
neg0470.png 0 0 59 118
neg0471.png 0 0 59 118
neg0472.png 0 0 59 118
neg0473.png 0 0 59 118
neg0474.png 0 0 59 118
neg0475.png 0 0 59 118
neg0476.png 0 0 59 118
neg0477.png 0 0 59 118
neg0478.png 0 0 59 118
neg0479.png 0 0 59 118
neg0480.png 0 0 59 118
neg0481.png 0 0 59 118
neg0482.png 0 0 59 118
neg0483.png 0 0 59 118
neg0484.png 0 0 59 118
neg0485.png 0 0 59 118
neg0486.png 0 0 59 118
neg0487.png 0 0 59 118
neg0488.png 0 0 59 118
neg0489.png 0 0 59 118
neg0490.png 0 0 59 118
neg0491.png 0 0 59 118
neg0492.png 0 0 59 118
neg0493.png 0 0 59 118
neg0494.png 0 0 59 118
neg0495.png 0 0 59 118
neg0496.png 0 0 59 118
neg0497.png 0 0 59 118
neg0498.png 0 0 59 118
neg0499.png 0 0 59 118
neg0500.png 0 0 59 118
neg0501.png 0 0 59 118
neg0502.png 0 0 59 118
neg0503.png 0 0 59 118
neg0504.png 0 0 59 118
neg0505.png 0 0 59 118
neg0506.png 0 0 59 118
neg0507.png 0 0 59 118
neg0508.png 0 0 59 118
neg0509.png 0 0 59 118
neg0510.png 0 0 59 118
neg0511.png 0 0 59 118
neg0512.png 0 0 59 118
neg0513.png 0 0 59 118
neg0514.png 0 0 59 118
neg0515.png 0 0 59 118
neg0516.png 0 0 59 118
neg0517.png 0 0 59 118
neg0518.png 0 0 59 118
neg0519.png 0 0 59 118
neg0520.png 0 0 59 118
neg0521.png 0 0 59 118
neg0522.png 0 0 59 118
neg0523.png 0 0 59 118
neg0524.png 0 0 59 118
neg0525.png 0 0 59 118
neg0526.png 0 0 59 118
neg0527.png 0 0 59 118
neg0528.png 0 0 59 118
neg0529.png 0 0 59 118
neg0530.png 0 0 59 118
neg0531.png 0 0 59 118
neg0532.png 0 0 59 118
neg0533.png 0 0 59 118
neg0534.png 0 0 59 118
neg0535.png 0 0 59 118
neg0536.png 0 0 59 118
neg0537.png 0 0 59 118
neg0538.png 0 0 59 118
neg0539.png 0 0 59 118
neg0540.png 0 0 59 118
neg0541.png 0 0 59 118
neg0542.png 0 0 59 118
neg0543.png 0 0 59 118
neg0544.png 0 0 59 118
neg0545.png 0 0 59 118
neg0546.png 0 0 59 118
neg0547.png 0 0 59 118
neg0548.png 0 0 59 118
neg0549.png 0 0 59 118
neg0550.png 0 0 59 118
neg0551.png 0 0 59 118
neg0552.png 0 0 59 118
neg0553.png 0 0 59 118
neg0554.png 0 0 59 118
neg0555.png 0 0 59 118
neg0556.png 0 0 59 118
neg0557.png 0 0 59 118
neg0558.png 0 0 59 118
neg0559.png 0 0 59 118
neg0560.png 0 0 59 118
neg0561.png 0 0 59 118
neg0562.png 0 0 59 118
neg0563.png 0 0 59 118
neg0564.png 0 0 59 118
neg0565.png 0 0 59 118
neg0566.png 0 0 59 118
neg0567.png 0 0 59 118
neg0568.png 0 0 59 118
neg0569.png 0 0 59 118
neg0570.png 0 0 59 118
neg0571.png 0 0 59 118
neg0572.png 0 0 59 118
neg0573.png 0 0 59 118
neg0574.png 0 0 59 118
neg0575.png 0 0 59 118
neg0576.png 0 0 59 118
neg0577.png 0 0 59 118
neg0578.png 0 0 59 118
neg0579.png 0 0 59 118
neg0580.png 0 0 59 118
neg0581.png 0 0 59 118
neg0582.png 0 0 59 118
neg0583.png 0 0 59 118
neg0584.png 0 0 59 118
neg0585.png 0 0 59 118
neg0586.png 0 0 59 118
neg0587.png 0 0 59 118
neg0588.png 0 0 59 118
neg0589.png 0 0 59 118
neg0590.png 0 0 59 118
neg0591.png 0 0 59 118
neg0592.png 0 0 59 118
neg0593.png 0 0 59 118
neg0594.png 0 0 59 118
neg0595.png 0 0 59 118
neg0596.png 0 0 59 118
neg0597.png 0 0 59 118
neg0598.png 0 0 59 118
neg0599.png 0 0 59 118
neg0600.png 0 0 59 118
neg0601.png 0 0 59 118
neg0602.png 0 0 59 118
neg0603.png 0 0 59 118
neg0604.png 0 0 59 118
neg0605.png 0 0 59 118
neg0606.png 0 0 59 118
neg0607.png 0 0 59 118
neg0608.png 0 0 59 118
neg0609.png 0 0 59 118
neg0610.png 0 0 59 118
neg0611.png 0 0 59 118
neg0612.png 0 0 59 118
neg0613.png 0 0 59 118
neg0614.png 0 0 59 118
neg0615.png 0 0 59 118
neg0616.png 0 0 59 118
neg0617.png 0 0 59 118
neg0618.png 0 0 59 118
neg0619.png 0 0 59 118
neg0620.png 0 0 59 118
neg0621.png 0 0 59 118
neg0622.png 0 0 59 118
neg0623.png 0 0 59 118
neg0624.png 0 0 59 118
neg0625.png 0 0 59 118
neg0626.png 0 0 59 118
neg0627.png 0 0 59 118
neg0628.png 0 0 59 118
neg0629.png 0 0 59 118
neg0630.png 0 0 59 118
neg0631.png 0 0 59 118
neg0632.png 0 0 59 118
neg0633.png 0 0 59 118
neg0634.png 0 0 59 118
neg0635.png 0 0 59 118
neg0636.png 0 0 59 118
neg0637.png 0 0 59 118
neg0638.png 0 0 59 118
neg0639.png 0 0 59 118
neg0640.png 0 0 59 118
neg0641.png 0 0 59 118
neg0642.png 0 0 59 118
neg0643.png 0 0 59 118
neg0644.png 0 0 59 118
neg0645.png 0 0 59 118
neg0646.png 0 0 59 118
neg0647.png 0 0 59 118
neg0648.png 0 0 59 118
neg0649.png 0 0 59 118
neg0650.png 0 0 59 118
neg0651.png 0 0 59 118
neg0652.png 0 0 59 118
neg0653.png 0 0 59 118
neg0654.png 0 0 59 118
neg0655.png 0 0 59 118
neg0656.png 0 0 59 118
neg0657.png 0 0 59 118
neg0658.png 0 0 59 118
neg0659.png 0 0 59 118
neg0660.png 0 0 59 118
neg0661.png 0 0 59 118
neg0662.png 0 0 59 118
neg0663.png 0 0 59 118
neg0664.png 0 0 59 118
neg0665.png 0 0 59 118
neg0666.png 0 0 59 118
neg0667.png 0 0 59 118
neg0668.png 0 0 59 118
neg0669.png 0 0 59 118
neg0670.png 0 0 59 118
neg0671.png 0 0 59 118
neg0672.png 0 0 59 118
neg0673.png 0 0 59 118
neg0674.png 0 0 59 118
neg0675.png 0 0 59 118
neg0676.png 0 0 59 118
neg0677.png 0 0 59 118
neg0678.png 0 0 59 118
neg0679.png 0 0 59 118
neg0680.png 0 0 59 118
neg0681.png 0 0 59 118
neg0682.png 0 0 59 118
neg0683.png 0 0 59 118
neg0684.png 0 0 59 118
neg0685.png 0 0 59 118
neg0686.png 0 0 59 118
neg0687.png 0 0 59 118
neg0688.png 0 0 59 118
neg0689.png 0 0 59 118
neg0690.png 0 0 59 118
neg0691.png 0 0 59 118
neg0692.png 0 0 59 118
neg0693.png 0 0 59 118
neg0694.png 0 0 59 118
neg0695.png 0 0 59 118
neg0696.png 0 0 59 118
neg0697.png 0 0 59 118
neg0698.png 0 0 59 118
neg0699.png 0 0 59 118
neg0700.png 0 0 59 118
neg0701.png 0 0 59 118
neg0702.png 0 0 59 118
neg0703.png 0 0 59 118
neg0704.png 0 0 59 118
neg0705.png 0 0 59 118
neg0706.png 0 0 59 118
neg0707.png 0 0 59 118
neg0708.png 0 0 59 118
neg0709.png 0 0 59 118
neg0710.png 0 0 59 118
neg0711.png 0 0 59 118
neg0712.png 0 0 59 118
neg0713.png 0 0 59 118
neg0714.png 0 0 59 118
neg0715.png 0 0 59 118
neg0716.png 0 0 59 118
neg0717.png 0 0 59 118
neg0718.png 0 0 59 118
neg0719.png 0 0 59 118
neg0720.png 0 0 59 118
neg0721.png 0 0 59 118
neg0722.png 0 0 59 118
neg0723.png 0 0 59 118
neg0724.png 0 0 59 118
neg0725.png 0 0 59 118
neg0726.png 0 0 59 118
neg0727.png 0 0 59 118
neg0728.png 0 0 59 118
neg0729.png 0 0 59 118
neg0730.png 0 0 59 118
neg0731.png 0 0 59 118
neg0732.png 0 0 59 118
neg0733.png 0 0 59 118
neg0734.png 0 0 59 118
neg0735.png 0 0 59 118
neg0736.png 0 0 59 118
neg0737.png 0 0 59 118
neg0738.png 0 0 59 118
neg0739.png 0 0 59 118
neg0740.png 0 0 59 118
neg0741.png 0 0 59 118
neg0742.png 0 0 59 118
neg0743.png 0 0 59 118
neg0744.png 0 0 59 118
neg0745.png 0 0 59 118
neg0746.png 0 0 59 118
neg0747.png 0 0 59 118
neg0748.png 0 0 59 118
neg0749.png 0 0 59 118
neg0750.png 0 0 59 118
neg0751.png 0 0 59 118
neg0752.png 0 0 59 118
neg0753.png 0 0 59 118
neg0754.png 0 0 59 118
neg0755.png 0 0 59 118
neg0756.png 0 0 59 118
neg0757.png 0 0 59 118
neg0758.png 0 0 59 118
neg0759.png 0 0 59 118
neg0760.png 0 0 59 118
neg0761.png 0 0 59 118
neg0762.png 0 0 59 118
neg0763.png 0 0 59 118
neg0764.png 0 0 59 118
neg0765.png 0 0 59 118
neg0766.png 0 0 59 118
neg0767.png 0 0 59 118
neg0768.png 0 0 59 118
