768 1
pos0001.png 0 0 66 152 33 76
pos0002.png 0 0 44 121 22 61
pos0003.png 0 0 34 128 17 64
pos0004.png 0 0 43 177 22 89
pos0005.png 0 0 66 82 33 41S
pos0006.png 0 0 89 154 45 77
pos0007.png 0 0 80 160 40 80
pos0008.png 0 0 46 95 23 48
pos0009.png 0 0 86 140 43 70
pos0010.png 0 0 54 152 27 76
pos0011.png 0 0 83 189 42 95
pos0012.png 0 0 60 105 30 53
pos0014.png 0 0 72 146 36 73
pos0015.png 0 0 46 121 23 61
pos0016.png 0 0 49 128 25 64
pos0017.png 0 0 43 177 22 89
pos0018.png 0 0 66 75 33 38
pos0019.png 0 0 76 138 38 69
pos0020.png 0 0 72 160 36 80
pos0021.png 0 0 53 95 27 48
pos0022.png 0 0 83 137 42 69
pos0023.png 0 0 54 158 27 79
pos0024.png 0 0 86 196 43 98
pos0025.png 0 0 63 115 32 58
pos0027.png 0 0 72 152 36 76
pos0028.png 0 0 40 125 20 63
pos0029.png 0 0 66 128 33 64
pos0030.png 0 0 57 173 29 87
pos0031.png 0 0 56 82 28 41
pos0032.png 0 0 121 138 61 69
pos0033.png 0 0 72 144 36 72
pos0034.png 0 0 50 98 25 49
pos0035.png 0 0 82 131 41 66
pos0036.png 0 0 54 146 27 73
pos0037.png 0 0 76 196 38 98
pos0038.png 0 0 93 121 47 61
pos0040.png 0 0 66 158 33 79
pos0041.png 0 0 40 118 20 59
pos0042.png 0 0 43 128 22 64
pos0043.png 0 0 72 173 36 87
pos0044.png 0 0 66 79 33 40
pos0045.png 0 0 93 138 47 69
pos0046.png 0 0 72 152 36 76
pos0047.png 0 0 47 92 24 46
pos0048.png 0 0 99 138 50 69
pos0049.png 0 0 62 146 31 73
pos0050.png 0 0 79 193 40 97
pos0051.png 0 0 99 124 50 62
pos0053.png 0 0 66 152 33 76
pos0054.png 0 0 53 118 27 59
pos0055.png 0 0 34 128 17 64
pos0056.png 0 0 79 173 40 87
pos0057.png 0 0 80 164 40 82
pos0058.png 0 0 101 147 51 74
pos0059.png 0 0 72 158 36 79
pos0060.png 0 0 47 89 24 45
pos0061.png 0 0 82 141 41 71
pos0062.png 0 0 60 146 30 73
pos0063.png 0 0 96 209 48 105
pos0064.png 0 0 69 124 35 62
pos0066.png 0 0 66 146 33 73
pos0067.png 0 0 47 118 24 59
pos0068.png 0 0 56 128 28 64
pos0069.png 0 0 72 180 36 90
pos0070.png 0 0 66 82 33 41
pos0071.png 0 0 89 144 45 72
pos0072.png 0 0 80 152 40 76
pos0073.png 0 0 86 184 43 92
pos0074.png 0 0 72 141 36 71
pos0075.png 0 0 54 152 27 76
pos0076.png 0 0 95 200 48 100
pos0077.png 0 0 59 127 30 64
pos0079.png 0 0 66 158 33 79
pos0080.png 0 0 68 224 34 112
pos0081.png 0 0 37 124 19 62
pos0082.png 0 0 40 171 20 86
pos0083.png 0 0 62 178 31 89
pos0084.png 0 0 99 144 50 72
pos0085.png 0 0 74 144 37 72
pos0086.png 0 0 47 92 24 46
pos0087.png 0 0 57 137 29 69
pos0088.png 0 0 54 144 27 72
pos0089.png 0 0 76 196 38 98
pos0090.png 0 0 47 127 24 64
pos0092.png 0 0 72 158 36 79
pos0093.png 0 0 43 118 22 59
pos0094.png 0 0 36 125 18 63
pos0095.png 0 0 79 174 40 87
pos0096.png 0 0 74 164 37 82
pos0097.png 0 0 79 141 40 71
pos0098.png 0 0 86 152 43 76
pos0099.png 0 0 56 92 28 46
pos0100.png 0 0 56 141 28 71
pos0101.png 0 0 54 144 27 72
pos0102.png 0 0 96 190 48 95
pos0103.png 0 0 73 124 37 62
pos0105.png 0 0 66 158 33 79
pos0106.png 0 0 40 118 20 59
pos0107.png 0 0 44 118 22 59
pos0108.png 0 0 93 173 47 87
pos0109.png 0 0 63 82 32 41
pos0110.png 0 0 108 147 54 74
pos0111.png 0 0 100 152 50 76
pos0112.png 0 0 54 92 27 46
pos0113.png 0 0 50 134 25 67
pos0114.png 0 0 54 150 27 75
pos0115.png 0 0 109 193 55 97
pos0116.png 0 0 62 125 31 63
pos0118.png 0 0 72 158 36 79
pos0119.png 0 0 40 112 20 56
pos0120.png 0 0 50 109 25 55
pos0121.png 0 0 56 177 28 89
pos0122.png 0 0 72 158 36 79
pos0123.png 0 0 73 148 37 74
pos0124.png 0 0 94 144 47 72
pos0125.png 0 0 50 96 25 48
pos0126.png 0 0 53 141 27 71
pos0127.png 0 0 48 152 24 76
pos0128.png 0 0 69 196 35 98
pos0129.png 0 0 66 121 33 61
pos0131.png 0 0 72 152 36 76
pos0132.png 0 0 43 112 22 56
pos0133.png 0 0 60 105 30 53
pos0134.png 0 0 89 170 45 85
pos0135.png 0 0 62 138 31 69
pos0136.png 0 0 93 144 47 72
pos0137.png 0 0 80 146 40 73
pos0138.png 0 0 80 184 40 92
pos0139.png 0 0 62 131 31 66
pos0140.png 0 0 54 146 27 73
pos0141.png 0 0 85 197 43 99
pos0142.png 0 0 63 124 32 62
pos0144.png 0 0 72 152 36 76
pos0145.png 0 0 66 216 33 108
pos0146.png 0 0 46 101 23 51
pos0147.png 0 0 95 177 48 89
pos0148.png 0 0 92 152 46 76
pos0149.png 0 0 60 145 30 73
pos0150.png 0 0 74 146 37 73
pos0151.png 0 0 47 96 24 48
pos0152.png 0 0 56 124 28 62
pos0153.png 0 0 54 144 27 72
pos0154.png 0 0 95 193 48 97
pos0155.png 0 0 49 124 25 62
pos0157.png 0 0 72 158 36 79
pos0158.png 0 0 40 109 20 55
pos0159.png 0 0 50 105 25 53
pos0160.png 0 0 53 173 27 87
pos0161.png 0 0 60 158 30 79
pos0162.png 0 0 79 138 40 69
pos0163.png 0 0 80 152 40 76
pos0164.png 0 0 66 95 33 48
pos0165.png 0 0 66 135 33 68
pos0166.png 0 0 54 152 27 76
pos0167.png 0 0 88 202 44 101
pos0168.png 0 0 59 118 30 59
pos0170.png 0 0 80 152 40 76
pos0171.png 0 0 40 108 20 54
pos0172.png 0 0 66 102 33 51
pos0173.png 0 0 102 174 51 87
pos0174.png 0 0 80 150 40 75
pos0175.png 0 0 53 138 27 69
pos0176.png 0 0 74 152 37 76
pos0177.png 0 0 74 176 37 88
pos0178.png 0 0 57 124 29 62
pos0179.png 0 0 68 146 34 73
pos0180.png 0 0 89 206 45 103
pos0181.png 0 0 50 115 25 58
pos0183.png 0 0 72 164 36 82
pos0184.png 0 0 68 210 34 105
pos0185.png 0 0 74 198 37 99
pos0186.png 0 0 73 174 37 87
pos0187.png 0 0 74 178 37 89
pos0188.png 0 0 53 128 27 64
pos0189.png 0 0 72 146 36 73
pos0190.png 0 0 66 86 33 43
pos0191.png 0 0 76 124 38 62
pos0192.png 0 0 86 126 43 63
pos0193.png 0 0 76 196 38 98
pos0194.png 0 0 50 118 25 59
pos0196.png 0 0 72 158 36 79
pos0197.png 0 0 40 112 20 56
pos0198.png 0 0 53 88 27 44
pos0199.png 0 0 66 187 33 94
pos0200.png 0 0 46 89 23 45
pos0201.png 0 0 47 134 24 67
pos0202.png 0 0 66 146 33 73
pos0203.png 0 0 47 98 24 49
pos0204.png 0 0 79 125 40 63
pos0205.png 0 0 94 120 47 60
pos0206.png 0 0 82 203 41 102
pos0207.png 0 0 37 118 19 59
pos0209.png 0 0 80 158 40 79
pos0210.png 0 0 72 204 36 102
pos0211.png 0 0 66 184 33 92
pos0212.png 0 0 83 183 42 92
pos0213.png 0 0 60 184 30 92
pos0214.png 0 0 47 122 24 61
pos0215.png 0 0 66 152 33 76
pos0216.png 0 0 74 184 37 92
pos0217.png 0 0 62 115 31 58
pos0218.png 0 0 74 132 37 66
pos0219.png 0 0 73 196 37 98
pos0220.png 0 0 59 118 30 59
pos0222.png 0 0 72 152 36 76
pos0223.png 0 0 43 105 22 53
pos0224.png 0 0 80 178 40 89
pos0225.png 0 0 63 177 32 89
pos0226.png 0 0 72 184 36 92
pos0227.png 0 0 43 121 22 61
pos0228.png 0 0 66 146 33 73
pos0229.png 0 0 53 96 27 48
pos0230.png 0 0 62 121 31 61
pos0231.png 0 0 66 126 33 63
pos0232.png 0 0 70 199 35 100
pos0233.png 0 0 50 115 25 58
pos0235.png 0 0 72 158 36 79
pos0236.png 0 0 74 204 37 102
pos0237.png 0 0 47 92 24 46
pos0238.png 0 0 69 174 35 87
pos0239.png 0 0 80 184 40 92
pos0240.png 0 0 47 122 24 61
pos0241.png 0 0 74 146 37 73
pos0242.png 0 0 66 102 33 51
pos0243.png 0 0 63 121 32 61
pos0244.png 0 0 62 146 31 73
pos0245.png 0 0 82 186 41 93
pos0246.png 0 0 47 122 24 61
pos0248.png 0 0 74 158 37 79
pos0249.png 0 0 47 105 24 53
pos0250.png 0 0 94 164 47 82
pos0251.png 0 0 66 180 33 90
pos0252.png 0 0 62 178 31 89
pos0253.png 0 0 47 122 24 61
pos0254.png 0 0 80 146 40 73
pos0255.png 0 0 53 92 27 46
pos0256.png 0 0 49 109 25 55
pos0257.png 0 0 80 132 40 66
pos0258.png 0 0 75 192 38 96
pos0259.png 0 0 53 111 27 56
pos0261.png 0 0 74 158 37 79
pos0262.png 0 0 74 190 37 95
pos0263.png 0 0 80 158 40 79
pos0264.png 0 0 79 180 40 90
pos0265.png 0 0 72 172 36 86
pos0266.png 0 0 60 115 30 58
pos0267.png 0 0 86 146 43 73
pos0268.png 0 0 60 196 30 98
pos0269.png 0 0 59 125 30 63
pos0270.png 0 0 60 126 30 63
pos0271.png 0 0 79 189 40 95
pos0272.png 0 0 62 105 31 53
pos0274.png 0 0 60 158 30 79
pos0275.png 0 0 74 198 37 99
pos0276.png 0 0 94 158 47 79
pos0277.png 0 0 86 176 43 88
pos0278.png 0 0 80 190 40 95
pos0279.png 0 0 79 108 40 54
pos0280.png 0 0 88 140 44 70
pos0281.png 0 0 53 99 27 50
pos0282.png 0 0 70 115 35 58
pos0283.png 0 0 86 138 43 69
pos0284.png 0 0 56 179 28 90
pos0285.png 0 0 66 105 33 53
pos0287.png 0 0 74 158 37 79
pos0288.png 0 0 57 92 29 46
pos0289.png 0 0 94 146 47 73
pos0290.png 0 0 86 170 43 85
pos0291.png 0 0 74 170 37 85
pos0292.png 0 0 69 105 35 53
pos0293.png 0 0 100 140 50 70
pos0294.png 0 0 44 92 22 46
pos0295.png 0 0 46 112 23 56
pos0296.png 0 0 74 138 37 69
pos0297.png 0 0 83 183 42 92
pos0298.png 0 0 57 108 29 54
pos0300.png 0 0 94 152 47 76
pos0301.png 0 0 57 89 29 45
pos0302.png 0 0 100 152 50 76
pos0303.png 0 0 79 173 40 87
pos0304.png 0 0 68 178 34 89
pos0305.png 0 0 40 115 20 58
pos0306.png 0 0 92 152 46 76
pos0307.png 0 0 68 196 34 98
pos0308.png 0 0 56 122 28 61
pos0309.png 0 0 68 140 34 70
pos0310.png 0 0 79 177 40 89
pos0311.png 0 0 57 102 29 51
pos0313.png 0 0 80 158 40 79
pos0314.png 0 0 68 204 34 102
pos0315.png 0 0 53 76 27 38
pos0316.png 0 0 73 173 37 87
pos0317.png 0 0 47 86 24 43
pos0318.png 0 0 60 118 30 59
pos0319.png 0 0 86 152 43 76
pos0320.png 0 0 74 196 37 98
pos0321.png 0 0 57 119 29 60
pos0322.png 0 0 74 132 37 66
pos0323.png 0 0 82 186 41 93
pos0324.png 0 0 44 108 22 54
pos0326.png 0 0 74 160 37 80
pos0327.png 0 0 40 102 20 51
pos0328.png 0 0 100 146 50 73
pos0329.png 0 0 76 164 38 82
pos0330.png 0 0 80 164 40 82
pos0331.png 0 0 49 115 25 58
pos0332.png 0 0 74 158 37 79
pos0333.png 0 0 40 101 20 51
pos0334.png 0 0 40 111 20 56
pos0335.png 0 0 62 118 31 59
pos0336.png 0 0 73 177 37 89
pos0337.png 0 0 72 102 36 51
pos0339.png 0 0 72 158 36 79
pos0340.png 0 0 59 99 30 50
pos0341.png 0 0 80 164 40 82
pos0342.png 0 0 89 157 45 79
pos0343.png 0 0 82 164 41 82
pos0344.png 0 0 40 112 20 56
pos0345.png 0 0 74 138 37 69
pos0346.png 0 0 46 198 23 99
pos0347.png 0 0 53 119 27 60
pos0348.png 0 0 48 140 24 70
pos0349.png 0 0 89 177 45 89
pos0350.png 0 0 43 101 22 51
pos0352.png 0 0 100 158 50 79
pos0353.png 0 0 43 98 22 49
pos0354.png 0 0 80 158 40 79
pos0355.png 0 0 89 141 45 71
pos0356.png 0 0 68 164 34 82
pos0357.png 0 0 63 112 32 56
pos0358.png 0 0 74 152 37 76
pos0359.png 0 0 60 204 30 102
pos0360.png 0 0 66 115 33 58
pos0361.png 0 0 68 138 34 69
pos0362.png 0 0 72 180 36 90
pos0363.png 0 0 47 102 24 51
pos0365.png 0 0 92 158 46 79
pos0366.png 0 0 68 204 34 102
pos0367.png 0 0 82 152 41 76
pos0368.png 0 0 89 125 45 63
pos0369.png 0 0 62 178 31 89
pos0370.png 0 0 62 112 31 56
pos0371.png 0 0 66 164 33 82
pos0372.png 0 0 44 102 22 51
pos0373.png 0 0 53 108 27 54
pos0374.png 0 0 80 120 40 60
pos0375.png 0 0 76 183 38 92
pos0376.png 0 0 43 105 22 53
pos0378.png 0 0 80 152 40 76
pos0379.png 0 0 43 99 22 50
pos0380.png 0 0 82 158 41 79
pos0381.png 0 0 118 134 59 67
pos0382.png 0 0 68 164 34 82
pos0383.png 0 0 66 216 33 108
pos0384.png 0 0 74 152 37 76
pos0385.png 0 0 80 190 40 95
pos0386.png 0 0 49 115 25 58
pos0387.png 0 0 68 120 34 60
pos0388.png 0 0 56 170 28 85
pos0389.png 0 0 50 99 25 50
pos0391.png 0 0 88 158 44 79
pos0392.png 0 0 54 204 27 102
pos0393.png 0 0 82 158 41 79
pos0394.png 0 0 112 135 56 68
pos0395.png 0 0 54 178 27 89
pos0396.png 0 0 63 118 32 59
pos0397.png 0 0 80 146 40 73
pos0398.png 0 0 60 190 30 95
pos0399.png 0 0 56 115 28 58
pos0400.png 0 0 80 132 40 66
pos0401.png 0 0 99 164 50 82
pos0402.png 0 0 40 102 20 51
pos0404.png 0 0 50 80 25 40
pos0405.png 0 0 74 210 37 105
pos0406.png 0 0 56 75 28 38
pos0407.png 0 0 79 134 40 67
pos0408.png 0 0 54 178 27 89
pos0409.png 0 0 66 224 33 112
pos0410.png 0 0 80 140 40 70
pos0411.png 0 0 60 196 30 98
pos0412.png 0 0 46 108 23 54
pos0413.png 0 0 114 112 57 56
pos0414.png 0 0 102 167 51 84
pos0415.png 0 0 80 184 40 92
pos0417.png 0 0 88 160 44 80
pos0418.png 0 0 43 95 22 48
pos0419.png 0 0 59 69 30 35
pos0420.png 0 0 82 138 41 69
pos0421.png 0 0 86 164 43 82
pos0422.png 0 0 70 111 35 56
pos0423.png 0 0 92 140 46 70
pos0424.png 0 0 80 190 40 95
pos0425.png 0 0 46 115 23 58
pos0426.png 0 0 86 118 43 59
pos0427.png 0 0 79 171 40 86
pos0428.png 0 0 94 170 47 85
pos0430.png 0 0 88 166 44 83
pos0431.png 0 0 47 89 24 45
pos0432.png 0 0 66 73 33 37
pos0433.png 0 0 92 145 46 73
pos0434.png 0 0 74 164 37 82
pos0435.png 0 0 37 111 19 56
pos0436.png 0 0 86 140 43 70
pos0437.png 0 0 72 196 36 98
pos0438.png 0 0 59 112 30 56
pos0439.png 0 0 80 106 40 53
pos0440.png 0 0 92 170 46 85
pos0441.png 0 0 50 92 25 46
pos0443.png 0 0 80 166 40 83
pos0444.png 0 0 60 83 30 42
pos0445.png 0 0 60 79 30 40
pos0446.png 0 0 49 137 25 69
pos0447.png 0 0 42 178 21 89
pos0448.png 0 0 70 109 35 55
pos0449.png 0 0 92 146 46 73
pos0450.png 0 0 66 184 33 92
pos0451.png 0 0 44 111 22 56
pos0452.png 0 0 80 132 40 66
pos0453.png 0 0 134 161 67 81
pos0454.png 0 0 47 92 24 46
pos0456.png 0 0 80 172 40 86
pos0457.png 0 0 73 86 37 43
pos0458.png 0 0 56 75 28 38
pos0459.png 0 0 83 125 42 63
pos0460.png 0 0 80 170 40 85
pos0461.png 0 0 44 108 22 54
pos0462.png 0 0 86 146 43 73
pos0463.png 0 0 80 158 40 79
pos0464.png 0 0 50 114 25 57
pos0465.png 0 0 74 112 37 56
pos0466.png 0 0 114 148 57 74
pos0467.png 0 0 63 95 32 48
pos0469.png 0 0 94 166 47 83
pos0470.png 0 0 53 86 27 43
pos0471.png 0 0 80 82 40 41
pos0472.png 0 0 82 128 41 64
pos0473.png 0 0 74 170 37 85
pos0474.png 0 0 69 111 35 56
pos0475.png 0 0 80 152 40 76
pos0476.png 0 0 66 184 33 92
pos0477.png 0 0 63 111 32 56
pos0478.png 0 0 80 126 40 63
pos0479.png 0 0 102 154 51 77
pos0480.png 0 0 60 108 30 54
pos0482.png 0 0 100 158 50 79
pos0483.png 0 0 56 95 28 48
pos0484.png 0 0 86 164 43 82
pos0485.png 0 0 54 132 27 66
pos0486.png 0 0 54 178 27 89
pos0487.png 0 0 40 114 20 57
pos0488.png 0 0 72 152 36 76
pos0489.png 0 0 66 178 33 89
pos0490.png 0 0 53 112 27 56
pos0491.png 0 0 88 126 44 63
pos0492.png 0 0 131 164 66 82
pos0493.png 0 0 56 115 28 58
pos0495.png 0 0 53 76 27 38
pos0496.png 0 0 56 92 28 46
pos0497.png 0 0 69 79 35 40
pos0498.png 0 0 82 141 41 71
pos0499.png 0 0 86 176 43 88
pos0500.png 0 0 73 118 37 59
pos0501.png 0 0 74 158 37 79
pos0502.png 0 0 80 178 40 89
pos0503.png 0 0 53 121 27 61
pos0504.png 0 0 86 118 43 59
pos0505.png 0 0 121 154 61 77
pos0506.png 0 0 69 118 35 59
pos0508.png 0 0 74 158 37 79
pos0509.png 0 0 53 99 27 50
pos0510.png 0 0 66 192 33 96
pos0511.png 0 0 60 134 30 67
pos0512.png 0 0 80 176 40 88
pos0513.png 0 0 40 111 20 56
pos0514.png 0 0 74 158 37 79
pos0515.png 0 0 43 95 22 48
pos0516.png 0 0 47 121 24 61
pos0517.png 0 0 40 132 20 66
pos0518.png 0 0 98 153 49 77
pos0519.png 0 0 85 121 43 61
pos0521.png 0 0 68 166 34 83
pos0522.png 0 0 56 108 28 54
pos0523.png 0 0 53 83 27 42
pos0524.png 0 0 56 135 28 68
pos0525.png 0 0 54 184 27 92
pos0526.png 0 0 70 121 35 61
pos0527.png 0 0 86 164 43 82
pos0528.png 0 0 80 184 40 92
pos0529.png 0 0 40 122 20 61
pos0530.png 0 0 86 144 43 72
pos0531.png 0 0 119 150 60 75
pos0532.png 0 0 73 111 37 56
pos0534.png 0 0 94 158 47 79
pos0535.png 0 0 53 99 27 50
pos0536.png 0 0 100 146 50 73
pos0537.png 0 0 49 134 25 67
pos0538.png 0 0 80 178 40 89
pos0539.png 0 0 43 118 22 59
pos0540.png 0 0 74 158 37 79
pos0541.png 0 0 66 184 33 92
pos0542.png 0 0 63 131 32 66
pos0543.png 0 0 56 120 28 60
pos0544.png 0 0 75 144 38 72
pos0545.png 0 0 76 115 38 58
pos0547.png 0 0 86 164 43 82
pos0548.png 0 0 73 114 37 57
pos0549.png 0 0 69 89 35 45
pos0550.png 0 0 47 95 24 48
pos0551.png 0 0 60 184 30 92
pos0552.png 0 0 80 134 40 67
pos0553.png 0 0 80 158 40 79
pos0554.png 0 0 46 190 23 95
pos0555.png 0 0 49 131 25 66
pos0556.png 0 0 86 158 43 79
pos0557.png 0 0 86 124 43 62
pos0558.png 0 0 102 131 51 66
pos0560.png 0 0 74 172 37 86
pos0561.png 0 0 60 114 30 57
pos0562.png 0 0 53 85 27 43
pos0563.png 0 0 40 128 20 64
pos0564.png 0 0 66 184 33 92
pos0565.png 0 0 57 128 29 64
pos0566.png 0 0 88 138 44 69
pos0567.png 0 0 60 190 30 95
pos0568.png 0 0 60 145 30 73
pos0569.png 0 0 68 150 34 75
pos0570.png 0 0 92 118 46 59
pos0571.png 0 0 79 131 40 66
pos0573.png 0 0 66 164 33 82
pos0574.png 0 0 53 118 27 59
pos0575.png 0 0 63 92 32 46
pos0576.png 0 0 59 138 30 69
pos0577.png 0 0 50 92 25 46
pos0578.png 0 0 73 137 37 69
pos0579.png 0 0 92 152 46 76
pos0580.png 0 0 86 170 43 85
pos0581.png 0 0 50 138 25 69
pos0582.png 0 0 94 158 47 79
pos0583.png 0 0 121 118 61 59
pos0584.png 0 0 102 138 51 69
pos0586.png 0 0 92 158 46 79
pos0587.png 0 0 63 128 32 64
pos0588.png 0 0 92 164 46 82
pos0589.png 0 0 36 128 18 64
pos0590.png 0 0 60 184 30 92
pos0591.png 0 0 59 135 30 68
pos0592.png 0 0 92 158 46 79
pos0593.png 0 0 86 176 43 88
pos0594.png 0 0 57 150 29 75
pos0595.png 0 0 86 138 43 69
pos0596.png 0 0 86 127 43 64
pos0597.png 0 0 79 148 40 74
pos0599.png 0 0 86 160 43 80
pos0600.png 0 0 53 131 27 66
pos0601.png 0 0 60 92 30 46
pos0602.png 0 0 63 128 32 64
pos0603.png 0 0 80 190 40 95
pos0604.png 0 0 85 144 43 72
pos0605.png 0 0 94 158 47 79
pos0606.png 0 0 60 176 30 88
pos0607.png 0 0 76 148 38 74
pos0608.png 0 0 88 150 44 75
pos0609.png 0 0 79 135 40 68
pos0610.png 0 0 63 145 32 73
pos0612.png 0 0 86 158 43 79
pos0613.png 0 0 76 128 38 64
pos0614.png 0 0 50 95 25 48
pos0615.png 0 0 69 125 35 63
pos0616.png 0 0 50 95 25 48
pos0617.png 0 0 63 148 32 74
pos0618.png 0 0 88 158 44 79
pos0619.png 0 0 60 176 30 88
pos0620.png 0 0 53 154 27 77
pos0621.png 0 0 92 152 46 76
pos0622.png 0 0 79 144 40 72
pos0623.png 0 0 79 158 40 79
pos0625.png 0 0 53 80 27 40
pos0626.png 0 0 76 135 38 68
pos0627.png 0 0 46 89 23 45
pos0628.png 0 0 53 144 27 72
pos0629.png 0 0 54 190 27 95
pos0630.png 0 0 63 148 32 74
pos0631.png 0 0 80 164 40 82
pos0632.png 0 0 53 89 27 45
pos0633.png 0 0 76 154 38 77
pos0634.png 0 0 92 158 46 79
pos0635.png 0 0 73 147 37 74
pos0636.png 0 0 72 154 36 77
pos0638.png 0 0 94 160 47 80
pos0639.png 0 0 53 144 27 72
pos0640.png 0 0 94 170 47 85
pos0641.png 0 0 69 119 35 60
pos0642.png 0 0 50 95 25 48
pos0643.png 0 0 79 147 40 74
pos0644.png 0 0 86 146 43 73
pos0645.png 0 0 44 92 22 46
pos0646.png 0 0 59 151 30 76
pos0647.png 0 0 60 76 30 38
pos0648.png 0 0 79 138 40 69
pos0649.png 0 0 76 167 38 84
pos0651.png 0 0 47 86 24 43
pos0652.png 0 0 47 135 24 68
pos0653.png 0 0 80 178 40 89
pos0654.png 0 0 46 128 23 64
pos0655.png 0 0 49 98 25 49
pos0656.png 0 0 56 157 28 79
pos0657.png 0 0 74 152 37 76
pos0658.png 0 0 42 172 21 86
pos0659.png 0 0 56 154 28 77
pos0660.png 0 0 68 146 34 73
pos0661.png 0 0 83 128 42 64
pos0662.png 0 0 59 167 30 84
pos0664.png 0 0 50 82 25 41
pos0665.png 0 0 73 141 37 71
pos0666.png 0 0 74 164 37 82
pos0667.png 0 0 43 111 22 56
pos0668.png 0 0 40 190 20 95
pos0669.png 0 0 66 164 33 82
pos0670.png 0 0 80 146 40 73
pos0671.png 0 0 46 89 23 45
pos0672.png 0 0 92 154 46 77
pos0673.png 0 0 72 158 36 79
pos0674.png 0 0 56 137 28 69
pos0675.png 0 0 76 180 38 90
pos0677.png 0 0 47 86 24 43
pos0678.png 0 0 66 128 33 64
pos0679.png 0 0 80 158 40 79
pos0680.png 0 0 47 112 24 56
pos0681.png 0 0 53 92 27 46
pos0682.png 0 0 60 167 30 84
pos0683.png 0 0 88 158 44 79
pos0684.png 0 0 94 166 47 83
pos0685.png 0 0 76 151 38 76
pos0686.png 0 0 72 132 36 66
pos0687.png 0 0 63 125 32 63
pos0688.png 0 0 66 170 33 85
pos0690.png 0 0 53 89 27 45
pos0691.png 0 0 69 141 35 71
pos0692.png 0 0 46 95 23 48
pos0693.png 0 0 49 118 25 59
pos0694.png 0 0 80 184 40 92
pos0695.png 0 0 63 180 32 90
pos0696.png 0 0 54 76 27 38
pos0697.png 0 0 60 178 30 89
pos0698.png 0 0 43 160 22 80
pos0699.png 0 0 80 138 40 69
pos0700.png 0 0 53 127 27 64
pos0701.png 0 0 66 177 33 89
pos0703.png 0 0 86 172 43 86
pos0704.png 0 0 50 118 25 59
pos0705.png 0 0 66 190 33 95
pos0706.png 0 0 60 115 30 58
pos0707.png 0 0 54 190 27 95
pos0708.png 0 0 89 183 45 92
pos0709.png 0 0 100 152 50 76
pos0710.png 0 0 86 184 43 92
pos0711.png 0 0 72 154 36 77
pos0712.png 0 0 98 138 49 69
pos0713.png 0 0 66 134 33 67
pos0714.png 0 0 53 180 27 90
pos0716.png 0 0 47 92 24 46
pos0717.png 0 0 72 144 36 72
pos0718.png 0 0 46 89 23 45
pos0719.png 0 0 79 109 40 55
pos0720.png 0 0 50 98 25 49
pos0721.png 0 0 79 183 40 92
pos0722.png 0 0 94 152 47 76
pos0723.png 0 0 50 89 25 45
pos0724.png 0 0 73 131 37 66
pos0725.png 0 0 94 138 47 69
pos0726.png 0 0 60 131 30 66
pos0727.png 0 0 60 183 30 92
pos0729.png 0 0 68 184 34 92
pos0730.png 0 0 63 127 32 64
pos0731.png 0 0 66 89 33 45
pos0732.png 0 0 63 115 32 58
pos0733.png 0 0 80 190 40 95
pos0734.png 0 0 76 193 38 97
pos0735.png 0 0 94 164 47 82
pos0736.png 0 0 86 170 43 85
pos0737.png 0 0 76 134 38 67
pos0738.png 0 0 66 144 33 72
pos0739.png 0 0 63 131 32 66
pos0740.png 0 0 80 164 40 82
pos0742.png 0 0 74 184 37 92
pos0743.png 0 0 60 151 30 76
pos0744.png 0 0 100 144 50 72
pos0745.png 0 0 82 105 41 53
pos0746.png 0 0 74 190 37 95
pos0747.png 0 0 82 199 41 100
pos0748.png 0 0 94 158 47 79
pos0749.png 0 0 74 184 37 92
pos0750.png 0 0 83 141 42 71
pos0751.png 0 0 94 150 47 75
pos0752.png 0 0 53 131 27 66
pos0753.png 0 0 73 177 37 89
pos0755.png 0 0 50 89 25 45
pos0756.png 0 0 70 164 35 82
pos0757.png 0 0 53 82 27 41
pos0758.png 0 0 70 108 35 54
pos0759.png 0 0 74 190 37 95
pos0760.png 0 0 83 219 42 110
pos0761.png 0 0 53 79 27 40
pos0762.png 0 0 49 82 25 41
pos0763.png 0 0 63 151 32 76
pos0764.png 0 0 74 150 37 75
pos0765.png 0 0 43 124 22 62
pos0766.png 0 0 69 148 35 74
pos0768.png 0 0 47 89 24 45
pos0769.png 0 0 69 174 35 87
pos0770.png 0 0 66 166 33 83
pos0771.png 0 0 53 108 27 54
pos0772.png 0 0 80 190 40 95
pos0773.png 0 0 89 228 45 114
pos0774.png 0 0 100 152 50 76
pos0775.png 0 0 50 82 25 41
pos0776.png 0 0 72 144 36 72
pos0777.png 0 0 54 79 27 40
pos0778.png 0 0 53 128 27 64
pos0779.png 0 0 89 157 45 79
pos0781.png 0 0 80 178 40 89
pos0782.png 0 0 57 190 29 95
pos0783.png 0 0 53 92 27 46
pos0784.png 0 0 72 105 36 53
pos0785.png 0 0 86 164 43 82
pos0786.png 0 0 96 229 48 115
pos0787.png 0 0 94 158 47 79
pos0788.png 0 0 63 76 32 38
pos0789.png 0 0 92 151 46 76
pos0790.png 0 0 74 172 37 86
pos0791.png 0 0 69 122 35 61
pos0792.png 0 0 76 141 38 71
pos0794.png 0 0 50 86 25 43
pos0795.png 0 0 73 196 37 98
pos0796.png 0 0 62 164 31 82
pos0797.png 0 0 73 115 37 58
pos0798.png 0 0 60 76 30 38
pos0799.png 0 0 102 258 51 129
pos0800.png 0 0 94 158 47 79
pos0801.png 0 0 100 132 50 66
pos0802.png 0 0 79 147 40 74
pos0803.png 0 0 66 82 33 41
pos0804.png 0 0 63 125 32 63
pos0805.png 0 0 79 157 40 79
pos0807.png 0 0 86 178 43 89
pos0808.png 0 0 89 213 45 107
pos0809.png 0 0 60 83 30 42
pos0810.png 0 0 49 109 25 55
pos0811.png 0 0 79 79 40 40
pos0812.png 0 0 118 255 59 128
pos0813.png 0 0 88 172 44 86
pos0814.png 0 0 100 158 50 79
pos0815.png 0 0 59 147 30 74
pos0816.png 0 0 74 184 37 92
pos0817.png 0 0 69 131 35 66
pos0818.png 0 0 60 131 30 66
pos0820.png 0 0 86 172 43 86
pos0821.png 0 0 82 215 41 108
pos0822.png 0 0 60 152 30 76
pos0823.png 0 0 89 99 45 50
pos0824.png 0 0 63 79 32 40
pos0825.png 0 0 190 287 95 144
pos0826.png 0 0 100 152 50 76
pos0827.png 0 0 60 86 30 43
pos0828.png 0 0 99 144 50 72
pos0829.png 0 0 66 86 33 43
pos0830.png 0 0 53 135 27 68
pos0831.png 0 0 80 138 40 69
