48 1
pos0001.png 0 0 66 152 33 76
pos0002.png 0 0 44 121 22 61
pos0003.png 0 0 34 128 17 64
pos0004.png 0 0 43 177 22 89
pos0005.png 0 0 66 82 33 41
pos0006.png 0 0 89 154 45 77
pos0007.png 0 0 80 160 40 80
pos0008.png 0 0 46 95 23 48
pos0009.png 0 0 86 140 43 70
pos0010.png 0 0 54 152 27 76
pos0011.png 0 0 83 189 42 95
pos0012.png 0 0 60 105 30 53
pos0014.png 0 0 72 146 36 73
pos0015.png 0 0 46 121 23 61
pos0016.png 0 0 49 128 25 64
pos0017.png 0 0 43 177 22 89
pos0018.png 0 0 66 75 33 38
pos0019.png 0 0 76 138 38 69
pos0020.png 0 0 72 160 36 80
pos0021.png 0 0 53 95 27 48
pos0022.png 0 0 83 137 42 69
pos0023.png 0 0 54 158 27 79
pos0024.png 0 0 86 196 43 98
pos0025.png 0 0 63 115 32 58
pos0027.png 0 0 72 152 36 76
pos0028.png 0 0 40 125 20 63
pos0029.png 0 0 66 128 33 64
pos0030.png 0 0 57 173 29 87
pos0031.png 0 0 56 82 28 41
pos0032.png 0 0 121 138 61 69
pos0033.png 0 0 72 144 36 72
pos0034.png 0 0 50 98 25 49
pos0035.png 0 0 82 131 41 66
pos0036.png 0 0 54 146 27 73
pos0037.png 0 0 76 196 38 98
pos0038.png 0 0 93 121 47 61
pos0040.png 0 0 66 158 33 79
pos0041.png 0 0 40 118 20 59
pos0042.png 0 0 43 128 22 64
pos0043.png 0 0 72 173 36 87
pos0044.png 0 0 66 79 33 40
pos0045.png 0 0 93 138 47 69
pos0046.png 0 0 72 152 36 76
pos0047.png 0 0 47 92 24 46
pos0048.png 0 0 99 138 50 69
pos0049.png 0 0 62 146 31 73
pos0050.png 0 0 79 193 40 97
pos0051.png 0 0 99 124 50 62
